# x[h^-1_cMpc]  F_mean
0.000000e+00 9.936546e-01
1.562500e-01 9.881742e-01
3.125000e-01 9.832600e-01
4.687500e-01 9.780010e-01
6.250000e-01 9.735294e-01
7.812500e-01 9.684492e-01
9.375000e-01 9.636902e-01
1.093750e+00 9.586690e-01
1.250000e+00 9.532355e-01
1.406250e+00 9.479065e-01
1.562500e+00 9.425038e-01
1.718750e+00 9.371800e-01
1.875000e+00 9.313817e-01
2.031250e+00 9.265764e-01
2.187500e+00 9.209937e-01
2.343750e+00 9.153058e-01
2.500000e+00 9.102013e-01
2.656250e+00 9.054399e-01
2.812500e+00 9.013070e-01
2.968750e+00 8.961372e-01
3.125000e+00 8.917252e-01
3.281250e+00 8.877763e-01
3.437500e+00 8.837776e-01
3.593750e+00 8.796369e-01
3.750000e+00 8.758108e-01
3.906250e+00 8.717145e-01
4.062500e+00 8.677629e-01
4.218750e+00 8.640640e-01
4.375000e+00 8.603013e-01
4.531250e+00 8.565334e-01
4.687500e+00 8.528216e-01
4.843750e+00 8.486518e-01
5.000000e+00 8.446792e-01
5.156250e+00 8.412583e-01
5.312500e+00 8.374714e-01
5.468750e+00 8.337704e-01
5.625000e+00 8.293831e-01
5.781250e+00 8.253526e-01
5.937500e+00 8.213965e-01
6.093750e+00 8.182834e-01
6.250000e+00 8.148164e-01
6.406250e+00 8.109625e-01
6.562500e+00 8.066243e-01
6.718750e+00 8.031003e-01
6.875000e+00 7.999880e-01
7.031250e+00 7.964088e-01
7.187500e+00 7.928533e-01
7.343750e+00 7.893141e-01
7.500000e+00 7.857574e-01
7.656250e+00 7.819768e-01
7.812500e+00 7.782295e-01
7.968750e+00 7.741149e-01
8.125000e+00 7.701980e-01
8.281250e+00 7.663273e-01
8.437500e+00 7.624500e-01
8.593750e+00 7.587105e-01
8.750000e+00 7.552487e-01
8.906250e+00 7.516707e-01
9.062500e+00 7.480898e-01
9.218750e+00 7.447406e-01
9.375000e+00 7.412424e-01
9.531250e+00 7.366448e-01
9.687500e+00 7.327206e-01
9.843750e+00 7.287773e-01
1.000000e+01 7.253499e-01
1.015625e+01 7.211919e-01
1.031250e+01 7.171557e-01
1.046875e+01 7.129418e-01
1.062500e+01 7.092207e-01
1.078125e+01 7.058299e-01
1.093750e+01 7.019806e-01
1.109375e+01 6.982936e-01
1.125000e+01 6.951576e-01
1.140625e+01 6.917516e-01
1.156250e+01 6.883645e-01
1.171875e+01 6.851123e-01
1.187500e+01 6.816465e-01
1.203125e+01 6.781038e-01
1.218750e+01 6.748360e-01
1.234375e+01 6.714314e-01
1.250000e+01 6.676250e-01
1.265625e+01 6.642503e-01
1.281250e+01 6.611162e-01
1.296875e+01 6.580173e-01
1.312500e+01 6.545694e-01
1.328125e+01 6.516035e-01
1.343750e+01 6.482437e-01
1.359375e+01 6.454076e-01
1.375000e+01 6.417268e-01
1.390625e+01 6.385313e-01
1.406250e+01 6.353408e-01
1.421875e+01 6.322776e-01
1.437500e+01 6.298839e-01
1.453125e+01 6.271065e-01
1.468750e+01 6.238821e-01
1.484375e+01 6.206631e-01
1.500000e+01 6.173375e-01
1.515625e+01 6.145780e-01
1.531250e+01 6.118114e-01
1.546875e+01 6.087754e-01
1.562500e+01 6.056093e-01
1.578125e+01 6.027333e-01
1.593750e+01 6.000318e-01
1.609375e+01 5.973378e-01
1.625000e+01 5.949813e-01
1.640625e+01 5.923033e-01
1.656250e+01 5.898502e-01
1.671875e+01 5.871708e-01
1.687500e+01 5.845322e-01
1.703125e+01 5.816100e-01
1.718750e+01 5.788873e-01
1.734375e+01 5.760673e-01
1.750000e+01 5.736912e-01
1.765625e+01 5.708079e-01
1.781250e+01 5.682450e-01
1.796875e+01 5.654678e-01
1.812500e+01 5.629875e-01
1.828125e+01 5.607751e-01
1.843750e+01 5.581650e-01
1.859375e+01 5.552143e-01
1.875000e+01 5.516913e-01
1.890625e+01 5.488296e-01
1.906250e+01 5.456377e-01
1.921875e+01 5.428702e-01
1.937500e+01 5.400906e-01
1.953125e+01 5.375357e-01
1.968750e+01 5.347628e-01
1.984375e+01 5.320011e-01
2.000000e+01 5.293087e-01
2.015625e+01 5.270515e-01
2.031250e+01 5.248371e-01
2.046875e+01 5.226947e-01
2.062500e+01 5.204242e-01
2.078125e+01 5.179967e-01
2.093750e+01 5.152893e-01
2.109375e+01 5.128040e-01
2.125000e+01 5.103679e-01
2.140625e+01 5.076783e-01
2.156250e+01 5.054310e-01
2.171875e+01 5.032387e-01
2.187500e+01 5.008827e-01
2.203125e+01 4.985642e-01
2.218750e+01 4.964659e-01
2.234375e+01 4.943892e-01
2.250000e+01 4.922957e-01
2.265625e+01 4.902802e-01
2.281250e+01 4.881923e-01
2.296875e+01 4.861873e-01
2.312500e+01 4.837906e-01
2.328125e+01 4.813676e-01
2.343750e+01 4.794103e-01
2.359375e+01 4.774000e-01
2.375000e+01 4.757095e-01
2.390625e+01 4.738037e-01
2.406250e+01 4.721606e-01
2.421875e+01 4.699837e-01
2.437500e+01 4.678881e-01
2.453125e+01 4.660140e-01
2.468750e+01 4.642740e-01
2.484375e+01 4.623071e-01
2.500000e+01 4.605035e-01
2.515625e+01 4.587795e-01
2.531250e+01 4.566970e-01
2.546875e+01 4.547562e-01
2.562500e+01 4.525271e-01
2.578125e+01 4.503550e-01
2.593750e+01 4.483284e-01
2.609375e+01 4.461855e-01
2.625000e+01 4.438776e-01
2.640625e+01 4.418382e-01
2.656250e+01 4.399448e-01
2.671875e+01 4.383214e-01
2.687500e+01 4.365264e-01
2.703125e+01 4.345134e-01
2.718750e+01 4.327568e-01
2.734375e+01 4.305920e-01
2.750000e+01 4.286690e-01
2.765625e+01 4.268850e-01
2.781250e+01 4.249133e-01
2.796875e+01 4.228280e-01
2.812500e+01 4.207983e-01
2.828125e+01 4.187939e-01
2.843750e+01 4.170030e-01
2.859375e+01 4.151390e-01
2.875000e+01 4.134168e-01
2.890625e+01 4.119440e-01
2.906250e+01 4.102127e-01
2.921875e+01 4.083152e-01
2.937500e+01 4.067572e-01
2.953125e+01 4.049864e-01
2.968750e+01 4.034780e-01
2.984375e+01 4.018738e-01
3.000000e+01 4.004592e-01
3.015625e+01 3.988251e-01
3.031250e+01 3.971004e-01
3.046875e+01 3.955483e-01
3.062500e+01 3.939625e-01
3.078125e+01 3.923909e-01
3.093750e+01 3.909180e-01
3.109375e+01 3.894605e-01
3.125000e+01 3.873721e-01
3.140625e+01 3.858548e-01
3.156250e+01 3.845572e-01
3.171875e+01 3.829421e-01
3.187500e+01 3.813775e-01
3.203125e+01 3.796819e-01
3.218750e+01 3.781996e-01
3.234375e+01 3.767311e-01
3.250000e+01 3.753448e-01
3.265625e+01 3.737205e-01
3.281250e+01 3.721185e-01
3.296875e+01 3.708181e-01
3.312500e+01 3.692116e-01
3.328125e+01 3.674655e-01
3.343750e+01 3.660313e-01
3.359375e+01 3.645118e-01
3.375000e+01 3.632338e-01
3.390625e+01 3.617379e-01
3.406250e+01 3.601720e-01
3.421875e+01 3.584393e-01
3.437500e+01 3.569849e-01
3.453125e+01 3.553391e-01
3.468750e+01 3.538224e-01
3.484375e+01 3.521979e-01
3.500000e+01 3.504509e-01
3.515625e+01 3.490815e-01
3.531250e+01 3.477232e-01
3.546875e+01 3.461206e-01
3.562500e+01 3.445974e-01
3.578125e+01 3.432216e-01
3.593750e+01 3.417895e-01
3.609375e+01 3.399844e-01
3.625000e+01 3.385736e-01
3.640625e+01 3.373924e-01
3.656250e+01 3.360045e-01
3.671875e+01 3.346083e-01
3.687500e+01 3.330442e-01
3.703125e+01 3.314884e-01
3.718750e+01 3.300400e-01
3.734375e+01 3.286351e-01
3.750000e+01 3.270957e-01
3.765625e+01 3.252750e-01
3.781250e+01 3.237844e-01
3.796875e+01 3.221866e-01
3.812500e+01 3.207897e-01
3.828125e+01 3.191516e-01
3.843750e+01 3.175986e-01
3.859375e+01 3.159243e-01
3.875000e+01 3.143576e-01
3.890625e+01 3.127908e-01
3.906250e+01 3.114898e-01
3.921875e+01 3.100903e-01
3.937500e+01 3.087568e-01
3.953125e+01 3.072810e-01
3.968750e+01 3.055563e-01
3.984375e+01 3.037503e-01
4.000000e+01 3.023310e-01
4.015625e+01 3.007066e-01
4.031250e+01 2.992146e-01
4.046875e+01 2.976567e-01
4.062500e+01 2.959464e-01
4.078125e+01 2.944546e-01
4.093750e+01 2.929193e-01
4.109375e+01 2.915894e-01
4.125000e+01 2.902761e-01
4.140625e+01 2.887444e-01
4.156250e+01 2.871389e-01
4.171875e+01 2.855436e-01
4.187500e+01 2.842917e-01
4.203125e+01 2.829161e-01
4.218750e+01 2.813620e-01
4.234375e+01 2.799049e-01
4.250000e+01 2.784993e-01
4.265625e+01 2.772172e-01
4.281250e+01 2.758413e-01
4.296875e+01 2.744585e-01
4.312500e+01 2.729954e-01
4.328125e+01 2.715297e-01
4.343750e+01 2.702197e-01
4.359375e+01 2.687727e-01
4.375000e+01 2.676539e-01
4.390625e+01 2.664747e-01
4.406250e+01 2.651079e-01
4.421875e+01 2.637724e-01
4.437500e+01 2.622373e-01
4.453125e+01 2.609186e-01
4.468750e+01 2.595426e-01
4.484375e+01 2.581420e-01
4.500000e+01 2.566998e-01
4.515625e+01 2.551918e-01
4.531250e+01 2.539019e-01
4.546875e+01 2.524245e-01
4.562500e+01 2.504998e-01
4.578125e+01 2.489984e-01
4.593750e+01 2.477896e-01
4.609375e+01 2.463179e-01
4.625000e+01 2.447671e-01
4.640625e+01 2.432890e-01
4.656250e+01 2.418876e-01
4.671875e+01 2.407681e-01
4.687500e+01 2.394924e-01
4.703125e+01 2.383799e-01
4.718750e+01 2.372325e-01
4.734375e+01 2.361028e-01
4.750000e+01 2.350185e-01
4.765625e+01 2.339146e-01
4.781250e+01 2.327880e-01
4.796875e+01 2.318532e-01
4.812500e+01 2.307290e-01
4.828125e+01 2.295217e-01
4.843750e+01 2.282740e-01
4.859375e+01 2.272368e-01
4.875000e+01 2.262977e-01
4.890625e+01 2.252529e-01
4.906250e+01 2.240794e-01
4.921875e+01 2.231631e-01
4.937500e+01 2.222308e-01
4.953125e+01 2.211616e-01
4.968750e+01 2.197927e-01
4.984375e+01 2.187585e-01
5.000000e+01 2.176960e-01
5.015625e+01 2.165621e-01
5.031250e+01 2.154839e-01
5.046875e+01 2.141695e-01
5.062500e+01 2.131342e-01
5.078125e+01 2.120862e-01
5.093750e+01 2.110775e-01
5.109375e+01 2.100390e-01
5.125000e+01 2.091360e-01
5.140625e+01 2.081181e-01
5.156250e+01 2.070215e-01
5.171875e+01 2.061494e-01
5.187500e+01 2.049900e-01
5.203125e+01 2.038433e-01
5.218750e+01 2.030053e-01
5.234375e+01 2.020406e-01
5.250000e+01 2.010764e-01
5.265625e+01 2.002705e-01
5.281250e+01 1.993302e-01
5.296875e+01 1.984195e-01
5.312500e+01 1.974390e-01
5.328125e+01 1.965829e-01
5.343750e+01 1.957807e-01
5.359375e+01 1.949096e-01
5.375000e+01 1.940975e-01
5.390625e+01 1.932763e-01
5.406250e+01 1.925738e-01
5.421875e+01 1.918094e-01
5.437500e+01 1.911075e-01
5.453125e+01 1.900811e-01
5.468750e+01 1.892182e-01
5.484375e+01 1.884539e-01
5.500000e+01 1.876526e-01
5.515625e+01 1.869234e-01
5.531250e+01 1.860677e-01
5.546875e+01 1.851690e-01
5.562500e+01 1.843838e-01
5.578125e+01 1.836923e-01
5.593750e+01 1.828058e-01
5.609375e+01 1.819771e-01
5.625000e+01 1.810946e-01
5.640625e+01 1.802225e-01
5.656250e+01 1.794719e-01
5.671875e+01 1.786108e-01
5.687500e+01 1.778034e-01
5.703125e+01 1.771595e-01
5.718750e+01 1.764814e-01
5.734375e+01 1.757024e-01
5.750000e+01 1.749128e-01
5.765625e+01 1.742163e-01
5.781250e+01 1.734955e-01
5.796875e+01 1.726646e-01
5.812500e+01 1.718385e-01
5.828125e+01 1.709805e-01
5.843750e+01 1.701516e-01
5.859375e+01 1.693902e-01
5.875000e+01 1.687485e-01
5.890625e+01 1.681126e-01
5.906250e+01 1.675229e-01
5.921875e+01 1.669227e-01
5.937500e+01 1.662239e-01
5.953125e+01 1.654840e-01
5.968750e+01 1.647524e-01
5.984375e+01 1.641017e-01
6.000000e+01 1.634372e-01
6.015625e+01 1.628317e-01
6.031250e+01 1.621427e-01
6.046875e+01 1.613958e-01
6.062500e+01 1.606936e-01
6.078125e+01 1.600281e-01
6.093750e+01 1.593355e-01
6.109375e+01 1.585481e-01
6.125000e+01 1.577369e-01
6.140625e+01 1.570780e-01
6.156250e+01 1.564814e-01
6.171875e+01 1.558223e-01
6.187500e+01 1.551173e-01
6.203125e+01 1.544527e-01
6.218750e+01 1.538263e-01
6.234375e+01 1.531616e-01
6.250000e+01 1.525239e-01
6.265625e+01 1.519385e-01
6.281250e+01 1.513265e-01
6.296875e+01 1.507256e-01
6.312500e+01 1.500760e-01
6.328125e+01 1.494354e-01
6.343750e+01 1.487134e-01
6.359375e+01 1.480747e-01
6.375000e+01 1.474770e-01
6.390625e+01 1.468981e-01
6.406250e+01 1.463599e-01
6.421875e+01 1.458279e-01
6.437500e+01 1.453011e-01
6.453125e+01 1.447722e-01
6.468750e+01 1.440736e-01
6.484375e+01 1.434801e-01
6.500000e+01 1.428679e-01
6.515625e+01 1.422980e-01
6.531250e+01 1.417643e-01
6.546875e+01 1.411960e-01
6.562500e+01 1.406599e-01
6.578125e+01 1.400249e-01
6.593750e+01 1.394406e-01
6.609375e+01 1.389516e-01
6.625000e+01 1.384525e-01
6.640625e+01 1.379401e-01
6.656250e+01 1.373697e-01
6.671875e+01 1.368320e-01
6.687500e+01 1.362381e-01
6.703125e+01 1.355866e-01
6.718750e+01 1.349132e-01
6.734375e+01 1.341276e-01
6.750000e+01 1.335825e-01
6.765625e+01 1.330510e-01
6.781250e+01 1.324820e-01
6.796875e+01 1.319583e-01
6.812500e+01 1.313674e-01
6.828125e+01 1.307391e-01
6.843750e+01 1.300647e-01
6.859375e+01 1.295317e-01
6.875000e+01 1.289999e-01
6.890625e+01 1.285368e-01
6.906250e+01 1.280048e-01
6.921875e+01 1.274496e-01
6.937500e+01 1.269247e-01
6.953125e+01 1.263837e-01
6.968750e+01 1.258928e-01
6.984375e+01 1.253877e-01
7.000000e+01 1.248266e-01
7.015625e+01 1.242586e-01
7.031250e+01 1.236666e-01
7.046875e+01 1.231358e-01
7.062500e+01 1.225541e-01
7.078125e+01 1.220931e-01
7.093750e+01 1.216941e-01
7.109375e+01 1.211979e-01
7.125000e+01 1.205893e-01
7.140625e+01 1.200704e-01
7.156250e+01 1.195763e-01
7.171875e+01 1.190847e-01
7.187500e+01 1.186355e-01
7.203125e+01 1.181686e-01
7.218750e+01 1.175773e-01
7.234375e+01 1.170117e-01
7.250000e+01 1.164769e-01
7.265625e+01 1.159628e-01
7.281250e+01 1.154469e-01
7.296875e+01 1.148876e-01
7.312500e+01 1.143896e-01
7.328125e+01 1.136538e-01
7.343750e+01 1.131269e-01
7.359375e+01 1.126202e-01
7.375000e+01 1.121302e-01
7.390625e+01 1.115220e-01
7.406250e+01 1.109012e-01
7.421875e+01 1.103249e-01
7.437500e+01 1.094881e-01
7.453125e+01 1.088932e-01
7.468750e+01 1.082428e-01
7.484375e+01 1.074776e-01
7.500000e+01 1.068218e-01
7.515625e+01 1.063003e-01
7.531250e+01 1.056775e-01
7.546875e+01 1.051044e-01
7.562500e+01 1.044872e-01
7.578125e+01 1.039662e-01
7.593750e+01 1.034071e-01
7.609375e+01 1.028149e-01
7.625000e+01 1.023328e-01
7.640625e+01 1.018196e-01
7.656250e+01 1.012643e-01
7.671875e+01 1.007600e-01
7.687500e+01 1.003182e-01
7.703125e+01 9.980414e-02
7.718750e+01 9.933304e-02
7.734375e+01 9.879824e-02
7.750000e+01 9.827179e-02
7.765625e+01 9.772735e-02
7.781250e+01 9.726972e-02
7.796875e+01 9.671607e-02
7.812500e+01 9.628915e-02
7.828125e+01 9.585876e-02
7.843750e+01 9.532853e-02
7.859375e+01 9.489389e-02
7.875000e+01 9.448350e-02
7.890625e+01 9.408057e-02
7.906250e+01 9.365163e-02
7.921875e+01 9.312961e-02
7.937500e+01 9.264749e-02
7.953125e+01 9.221675e-02
7.968750e+01 9.183249e-02
7.984375e+01 9.146064e-02
