# x[h^-1_cMpc]  F_mean
0.000000e+00 9.999495e-01
1.562500e-01 9.999018e-01
3.125000e-01 9.998569e-01
4.687500e-01 9.998127e-01
6.250000e-01 9.997759e-01
7.812500e-01 9.997398e-01
9.375000e-01 9.997024e-01
1.093750e+00 9.996607e-01
1.250000e+00 9.996256e-01
1.406250e+00 9.995883e-01
1.562500e+00 9.995502e-01
1.718750e+00 9.995072e-01
1.875000e+00 9.994686e-01
2.031250e+00 9.994235e-01
2.187500e+00 9.993791e-01
2.343750e+00 9.993443e-01
2.500000e+00 9.993060e-01
2.656250e+00 9.992785e-01
2.812500e+00 9.992455e-01
2.968750e+00 9.992153e-01
3.125000e+00 9.991811e-01
3.281250e+00 9.991486e-01
3.437500e+00 9.991147e-01
3.593750e+00 9.990809e-01
3.750000e+00 9.990413e-01
3.906250e+00 9.990078e-01
4.062500e+00 9.989731e-01
4.218750e+00 9.989410e-01
4.375000e+00 9.989086e-01
4.531250e+00 9.988745e-01
4.687500e+00 9.988343e-01
4.843750e+00 9.987973e-01
5.000000e+00 9.987590e-01
5.156250e+00 9.987283e-01
5.312500e+00 9.986966e-01
5.468750e+00 9.986660e-01
5.625000e+00 9.986369e-01
5.781250e+00 9.986078e-01
5.937500e+00 9.985763e-01
6.093750e+00 9.985488e-01
6.250000e+00 9.985178e-01
6.406250e+00 9.984934e-01
6.562500e+00 9.984681e-01
6.718750e+00 9.984383e-01
6.875000e+00 9.984065e-01
7.031250e+00 9.983809e-01
7.187500e+00 9.983512e-01
7.343750e+00 9.983240e-01
7.500000e+00 9.982967e-01
7.656250e+00 9.982707e-01
7.812500e+00 9.982455e-01
7.968750e+00 9.982145e-01
8.125000e+00 9.981879e-01
8.281250e+00 9.981575e-01
8.437500e+00 9.981321e-01
8.593750e+00 9.981081e-01
8.750000e+00 9.980817e-01
8.906250e+00 9.980540e-01
9.062500e+00 9.980236e-01
9.218750e+00 9.979944e-01
9.375000e+00 9.979637e-01
9.531250e+00 9.979361e-01
9.687500e+00 9.979039e-01
9.843750e+00 9.978674e-01
1.000000e+01 9.978415e-01
1.015625e+01 9.978107e-01
1.031250e+01 9.977836e-01
1.046875e+01 9.977503e-01
1.062500e+01 9.977143e-01
1.078125e+01 9.976844e-01
1.093750e+01 9.976529e-01
1.109375e+01 9.976253e-01
1.125000e+01 9.975981e-01
1.140625e+01 9.975687e-01
1.156250e+01 9.975408e-01
1.171875e+01 9.975092e-01
1.187500e+01 9.974793e-01
1.203125e+01 9.974473e-01
1.218750e+01 9.974164e-01
1.234375e+01 9.973890e-01
1.250000e+01 9.973614e-01
1.265625e+01 9.973374e-01
1.281250e+01 9.973102e-01
1.296875e+01 9.972808e-01
1.312500e+01 9.972519e-01
1.328125e+01 9.972254e-01
1.343750e+01 9.971974e-01
1.359375e+01 9.971661e-01
1.375000e+01 9.971384e-01
1.390625e+01 9.971106e-01
1.406250e+01 9.970792e-01
1.421875e+01 9.970486e-01
1.437500e+01 9.970200e-01
1.453125e+01 9.969919e-01
1.468750e+01 9.969636e-01
1.484375e+01 9.969350e-01
1.500000e+01 9.969134e-01
1.515625e+01 9.968902e-01
1.531250e+01 9.968651e-01
1.546875e+01 9.968364e-01
1.562500e+01 9.968037e-01
1.578125e+01 9.967676e-01
1.593750e+01 9.967345e-01
1.609375e+01 9.967080e-01
1.625000e+01 9.966784e-01
1.640625e+01 9.966469e-01
1.656250e+01 9.966153e-01
1.671875e+01 9.965848e-01
1.687500e+01 9.965548e-01
1.703125e+01 9.965246e-01
1.718750e+01 9.964958e-01
1.734375e+01 9.964666e-01
1.750000e+01 9.964383e-01
1.765625e+01 9.964151e-01
1.781250e+01 9.963837e-01
1.796875e+01 9.963573e-01
1.812500e+01 9.963266e-01
1.828125e+01 9.962807e-01
1.843750e+01 9.962446e-01
1.859375e+01 9.962144e-01
1.875000e+01 9.961819e-01
1.890625e+01 9.961479e-01
1.906250e+01 9.961144e-01
1.921875e+01 9.960858e-01
1.937500e+01 9.960547e-01
1.953125e+01 9.960186e-01
1.968750e+01 9.959871e-01
1.984375e+01 9.959497e-01
2.000000e+01 9.959236e-01
2.015625e+01 9.958963e-01
2.031250e+01 9.958630e-01
2.046875e+01 9.958319e-01
2.062500e+01 9.958000e-01
2.078125e+01 9.957699e-01
2.093750e+01 9.957339e-01
2.109375e+01 9.957037e-01
2.125000e+01 9.956703e-01
2.140625e+01 9.956438e-01
2.156250e+01 9.956151e-01
2.171875e+01 9.955755e-01
2.187500e+01 9.955442e-01
2.203125e+01 9.955161e-01
2.218750e+01 9.954772e-01
2.234375e+01 9.954477e-01
2.250000e+01 9.954169e-01
2.265625e+01 9.953874e-01
2.281250e+01 9.953590e-01
2.296875e+01 9.953309e-01
2.312500e+01 9.952968e-01
2.328125e+01 9.952679e-01
2.343750e+01 9.952435e-01
2.359375e+01 9.952156e-01
2.375000e+01 9.951876e-01
2.390625e+01 9.951628e-01
2.406250e+01 9.951398e-01
2.421875e+01 9.951163e-01
2.437500e+01 9.950912e-01
2.453125e+01 9.950651e-01
2.468750e+01 9.950393e-01
2.484375e+01 9.950114e-01
2.500000e+01 9.949838e-01
2.515625e+01 9.949533e-01
2.531250e+01 9.949237e-01
2.546875e+01 9.948911e-01
2.562500e+01 9.948596e-01
2.578125e+01 9.948309e-01
2.593750e+01 9.948021e-01
2.609375e+01 9.947752e-01
2.625000e+01 9.947453e-01
2.640625e+01 9.947150e-01
2.656250e+01 9.946869e-01
2.671875e+01 9.946621e-01
2.687500e+01 9.946314e-01
2.703125e+01 9.945961e-01
2.718750e+01 9.945636e-01
2.734375e+01 9.945348e-01
2.750000e+01 9.945047e-01
2.765625e+01 9.944681e-01
2.781250e+01 9.944373e-01
2.796875e+01 9.944078e-01
2.812500e+01 9.943810e-01
2.828125e+01 9.943540e-01
2.843750e+01 9.943271e-01
2.859375e+01 9.943003e-01
2.875000e+01 9.942675e-01
2.890625e+01 9.942399e-01
2.906250e+01 9.942152e-01
2.921875e+01 9.941916e-01
2.937500e+01 9.941650e-01
2.953125e+01 9.941375e-01
2.968750e+01 9.941129e-01
2.984375e+01 9.940861e-01
3.000000e+01 9.940615e-01
3.015625e+01 9.940388e-01
3.031250e+01 9.940145e-01
3.046875e+01 9.939903e-01
3.062500e+01 9.939627e-01
3.078125e+01 9.939295e-01
3.093750e+01 9.939017e-01
3.109375e+01 9.938751e-01
3.125000e+01 9.938501e-01
3.140625e+01 9.938217e-01
3.156250e+01 9.937947e-01
3.171875e+01 9.937689e-01
3.187500e+01 9.937436e-01
3.203125e+01 9.937186e-01
3.218750e+01 9.936911e-01
3.234375e+01 9.936607e-01
3.250000e+01 9.936313e-01
3.265625e+01 9.936048e-01
3.281250e+01 9.935812e-01
3.296875e+01 9.935578e-01
3.312500e+01 9.935324e-01
3.328125e+01 9.935049e-01
3.343750e+01 9.934788e-01
3.359375e+01 9.934537e-01
3.375000e+01 9.934304e-01
3.390625e+01 9.934029e-01
3.406250e+01 9.933746e-01
3.421875e+01 9.933450e-01
3.437500e+01 9.933147e-01
3.453125e+01 9.932887e-01
3.468750e+01 9.932645e-01
3.484375e+01 9.932407e-01
3.500000e+01 9.932138e-01
3.515625e+01 9.931871e-01
3.531250e+01 9.931653e-01
3.546875e+01 9.931397e-01
3.562500e+01 9.931130e-01
3.578125e+01 9.930842e-01
3.593750e+01 9.930569e-01
3.609375e+01 9.930281e-01
3.625000e+01 9.929922e-01
3.640625e+01 9.929570e-01
3.656250e+01 9.929305e-01
3.671875e+01 9.929039e-01
3.687500e+01 9.928776e-01
3.703125e+01 9.928511e-01
3.718750e+01 9.928250e-01
3.734375e+01 9.927911e-01
3.750000e+01 9.927594e-01
3.765625e+01 9.927326e-01
3.781250e+01 9.927035e-01
3.796875e+01 9.926737e-01
3.812500e+01 9.926462e-01
3.828125e+01 9.926156e-01
3.843750e+01 9.925876e-01
3.859375e+01 9.925581e-01
3.875000e+01 9.925317e-01
3.890625e+01 9.925092e-01
3.906250e+01 9.924859e-01
3.921875e+01 9.924547e-01
3.937500e+01 9.924288e-01
3.953125e+01 9.924003e-01
3.968750e+01 9.923693e-01
3.984375e+01 9.923353e-01
4.000000e+01 9.923023e-01
4.015625e+01 9.922750e-01
4.031250e+01 9.922441e-01
4.046875e+01 9.922135e-01
4.062500e+01 9.921860e-01
4.078125e+01 9.921542e-01
4.093750e+01 9.921295e-01
4.109375e+01 9.921074e-01
4.125000e+01 9.920791e-01
4.140625e+01 9.920458e-01
4.156250e+01 9.920186e-01
4.171875e+01 9.919944e-01
4.187500e+01 9.919617e-01
4.203125e+01 9.919329e-01
4.218750e+01 9.919066e-01
4.234375e+01 9.918817e-01
4.250000e+01 9.918514e-01
4.265625e+01 9.918220e-01
4.281250e+01 9.917918e-01
4.296875e+01 9.917545e-01
4.312500e+01 9.917242e-01
4.328125e+01 9.916883e-01
4.343750e+01 9.916505e-01
4.359375e+01 9.916202e-01
4.375000e+01 9.915881e-01
4.390625e+01 9.915570e-01
4.406250e+01 9.915223e-01
4.421875e+01 9.914884e-01
4.437500e+01 9.914489e-01
4.453125e+01 9.914206e-01
4.468750e+01 9.913851e-01
4.484375e+01 9.913509e-01
4.500000e+01 9.913155e-01
4.515625e+01 9.912844e-01
4.531250e+01 9.912481e-01
4.546875e+01 9.912211e-01
4.562500e+01 9.911856e-01
4.578125e+01 9.911564e-01
4.593750e+01 9.911222e-01
4.609375e+01 9.910908e-01
4.625000e+01 9.910560e-01
4.640625e+01 9.910263e-01
4.656250e+01 9.909944e-01
4.671875e+01 9.909686e-01
4.687500e+01 9.909395e-01
4.703125e+01 9.909096e-01
4.718750e+01 9.908853e-01
4.734375e+01 9.908558e-01
4.750000e+01 9.908208e-01
4.765625e+01 9.907955e-01
4.781250e+01 9.907676e-01
4.796875e+01 9.907396e-01
4.812500e+01 9.907128e-01
4.828125e+01 9.906849e-01
4.843750e+01 9.906600e-01
4.859375e+01 9.906367e-01
4.875000e+01 9.906131e-01
4.890625e+01 9.905865e-01
4.906250e+01 9.905573e-01
4.921875e+01 9.905274e-01
4.937500e+01 9.904945e-01
4.953125e+01 9.904620e-01
4.968750e+01 9.904203e-01
4.984375e+01 9.903760e-01
5.000000e+01 9.903491e-01
5.015625e+01 9.903156e-01
5.031250e+01 9.902866e-01
5.046875e+01 9.902606e-01
5.062500e+01 9.902277e-01
5.078125e+01 9.901931e-01
5.093750e+01 9.901634e-01
5.109375e+01 9.901358e-01
5.125000e+01 9.901076e-01
5.140625e+01 9.900772e-01
5.156250e+01 9.900440e-01
5.171875e+01 9.900065e-01
5.187500e+01 9.899707e-01
5.203125e+01 9.899375e-01
5.218750e+01 9.899001e-01
5.234375e+01 9.898690e-01
5.250000e+01 9.898347e-01
5.265625e+01 9.898013e-01
5.281250e+01 9.897678e-01
5.296875e+01 9.897394e-01
5.312500e+01 9.897081e-01
5.328125e+01 9.896816e-01
5.343750e+01 9.896536e-01
5.359375e+01 9.896249e-01
5.375000e+01 9.895870e-01
5.390625e+01 9.895541e-01
5.406250e+01 9.895173e-01
5.421875e+01 9.894763e-01
5.437500e+01 9.894402e-01
5.453125e+01 9.894116e-01
5.468750e+01 9.893851e-01
5.484375e+01 9.893579e-01
5.500000e+01 9.893238e-01
5.515625e+01 9.892922e-01
5.531250e+01 9.892580e-01
5.546875e+01 9.892246e-01
5.562500e+01 9.891894e-01
5.578125e+01 9.891534e-01
5.593750e+01 9.891203e-01
5.609375e+01 9.890877e-01
5.625000e+01 9.890497e-01
5.640625e+01 9.890199e-01
5.656250e+01 9.889908e-01
5.671875e+01 9.889604e-01
5.687500e+01 9.889311e-01
5.703125e+01 9.889000e-01
5.718750e+01 9.888674e-01
5.734375e+01 9.888310e-01
5.750000e+01 9.887960e-01
5.765625e+01 9.887629e-01
5.781250e+01 9.887324e-01
5.796875e+01 9.886976e-01
5.812500e+01 9.886654e-01
5.828125e+01 9.886295e-01
5.843750e+01 9.885933e-01
5.859375e+01 9.885107e-01
5.875000e+01 9.883835e-01
5.890625e+01 9.882720e-01
5.906250e+01 9.879757e-01
5.921875e+01 9.877970e-01
5.937500e+01 9.875873e-01
5.953125e+01 9.874658e-01
5.968750e+01 9.873903e-01
5.984375e+01 9.873386e-01
6.000000e+01 9.872922e-01
6.015625e+01 9.872490e-01
6.031250e+01 9.870987e-01
6.046875e+01 9.869224e-01
6.062500e+01 9.867183e-01
6.078125e+01 9.866247e-01
6.093750e+01 9.865161e-01
6.109375e+01 9.864197e-01
6.125000e+01 9.862049e-01
6.140625e+01 9.860949e-01
6.156250e+01 9.857520e-01
6.171875e+01 9.853416e-01
6.187500e+01 9.848006e-01
6.203125e+01 9.841850e-01
6.218750e+01 9.837113e-01
6.234375e+01 9.830498e-01
6.250000e+01 9.822687e-01
6.265625e+01 9.814518e-01
6.281250e+01 9.807384e-01
6.296875e+01 9.802424e-01
6.312500e+01 9.797311e-01
6.328125e+01 9.790047e-01
6.343750e+01 9.783566e-01
6.359375e+01 9.772875e-01
6.375000e+01 9.765994e-01
6.390625e+01 9.758992e-01
6.406250e+01 9.752461e-01
6.421875e+01 9.745044e-01
6.437500e+01 9.740337e-01
6.453125e+01 9.736834e-01
6.468750e+01 9.732940e-01
6.484375e+01 9.729992e-01
6.500000e+01 9.724142e-01
6.515625e+01 9.721924e-01
6.531250e+01 9.721351e-01
6.546875e+01 9.720971e-01
6.562500e+01 9.720582e-01
6.578125e+01 9.720001e-01
6.593750e+01 9.718754e-01
6.609375e+01 9.716187e-01
6.625000e+01 9.714455e-01
6.640625e+01 9.710204e-01
6.656250e+01 9.708528e-01
6.671875e+01 9.708047e-01
6.687500e+01 9.706881e-01
6.703125e+01 9.705754e-01
6.718750e+01 9.704531e-01
6.734375e+01 9.703406e-01
6.750000e+01 9.698422e-01
6.765625e+01 9.696753e-01
6.781250e+01 9.694937e-01
6.796875e+01 9.692778e-01
6.812500e+01 9.690590e-01
6.828125e+01 9.689908e-01
6.843750e+01 9.689520e-01
6.859375e+01 9.689025e-01
6.875000e+01 9.688608e-01
6.890625e+01 9.688190e-01
6.906250e+01 9.687788e-01
6.921875e+01 9.687389e-01
6.937500e+01 9.687002e-01
6.953125e+01 9.686625e-01
6.968750e+01 9.686192e-01
6.984375e+01 9.685747e-01
7.000000e+01 9.685411e-01
7.015625e+01 9.685035e-01
7.031250e+01 9.684011e-01
7.046875e+01 9.683179e-01
7.062500e+01 9.681543e-01
7.078125e+01 9.677503e-01
7.093750e+01 9.676352e-01
7.109375e+01 9.675721e-01
7.125000e+01 9.674553e-01
7.140625e+01 9.673423e-01
7.156250e+01 9.672930e-01
7.171875e+01 9.672443e-01
7.187500e+01 9.671970e-01
7.203125e+01 9.671587e-01
7.218750e+01 9.671272e-01
7.234375e+01 9.670892e-01
7.250000e+01 9.670417e-01
7.265625e+01 9.670002e-01
7.281250e+01 9.669684e-01
7.296875e+01 9.669337e-01
7.312500e+01 9.668980e-01
7.328125e+01 9.668599e-01
7.343750e+01 9.668233e-01
7.359375e+01 9.667837e-01
7.375000e+01 9.667429e-01
7.390625e+01 9.666972e-01
7.406250e+01 9.666612e-01
7.421875e+01 9.666129e-01
7.437500e+01 9.665773e-01
7.453125e+01 9.665373e-01
7.468750e+01 9.664873e-01
7.484375e+01 9.664445e-01
7.500000e+01 9.664080e-01
7.515625e+01 9.663718e-01
7.531250e+01 9.663299e-01
7.546875e+01 9.662351e-01
7.562500e+01 9.661840e-01
7.578125e+01 9.661384e-01
7.593750e+01 9.660894e-01
7.609375e+01 9.660513e-01
7.625000e+01 9.660167e-01
7.640625e+01 9.659755e-01
7.656250e+01 9.659244e-01
7.671875e+01 9.657561e-01
7.687500e+01 9.655049e-01
7.703125e+01 9.651503e-01
7.718750e+01 9.649537e-01
7.734375e+01 9.647995e-01
7.750000e+01 9.645647e-01
7.765625e+01 9.639130e-01
7.781250e+01 9.632734e-01
7.796875e+01 9.627860e-01
7.812500e+01 9.625427e-01
7.828125e+01 9.624305e-01
7.843750e+01 9.623704e-01
7.859375e+01 9.623178e-01
7.875000e+01 9.622687e-01
7.890625e+01 9.622265e-01
7.906250e+01 9.621785e-01
7.921875e+01 9.620948e-01
7.937500e+01 9.620469e-01
7.953125e+01 9.619960e-01
7.968750e+01 9.619535e-01
7.984375e+01 9.619018e-01
