# x[h^-1_cMpc]  F_mean
0.000000e+00 4.956627e-01
1.562500e-01 4.609824e-01
3.125000e-01 4.376372e-01
4.687500e-01 4.205231e-01
6.250000e-01 4.053120e-01
7.812500e-01 3.930693e-01
9.375000e-01 3.825034e-01
1.093750e+00 3.729454e-01
1.250000e+00 3.625950e-01
1.406250e+00 3.530520e-01
1.562500e+00 3.439158e-01
1.718750e+00 3.352445e-01
1.875000e+00 3.282353e-01
2.031250e+00 3.209347e-01
2.187500e+00 3.136444e-01
2.343750e+00 3.060102e-01
2.500000e+00 3.002472e-01
2.656250e+00 2.941635e-01
2.812500e+00 2.872175e-01
2.968750e+00 2.799992e-01
3.125000e+00 2.725243e-01
3.281250e+00 2.658160e-01
3.437500e+00 2.593534e-01
3.593750e+00 2.521187e-01
3.750000e+00 2.450604e-01
3.906250e+00 2.379821e-01
4.062500e+00 2.321858e-01
4.218750e+00 2.270429e-01
4.375000e+00 2.219429e-01
4.531250e+00 2.177581e-01
4.687500e+00 2.132876e-01
4.843750e+00 2.087591e-01
5.000000e+00 2.048243e-01
5.156250e+00 2.014573e-01
5.312500e+00 1.975207e-01
5.468750e+00 1.933995e-01
5.625000e+00 1.885417e-01
5.781250e+00 1.845096e-01
5.937500e+00 1.803399e-01
6.093750e+00 1.773106e-01
6.250000e+00 1.740780e-01
6.406250e+00 1.705657e-01
6.562500e+00 1.672667e-01
6.718750e+00 1.639843e-01
6.875000e+00 1.596015e-01
7.031250e+00 1.567413e-01
7.187500e+00 1.534145e-01
7.343750e+00 1.510033e-01
7.500000e+00 1.482193e-01
7.656250e+00 1.455413e-01
7.812500e+00 1.429658e-01
7.968750e+00 1.407024e-01
8.125000e+00 1.381592e-01
8.281250e+00 1.359641e-01
8.437500e+00 1.335898e-01
8.593750e+00 1.314431e-01
8.750000e+00 1.290641e-01
8.906250e+00 1.270404e-01
9.062500e+00 1.247637e-01
9.218750e+00 1.225364e-01
9.375000e+00 1.205515e-01
9.531250e+00 1.185438e-01
9.687500e+00 1.159850e-01
9.843750e+00 1.141302e-01
1.000000e+01 1.113107e-01
1.015625e+01 1.086674e-01
1.031250e+01 1.066298e-01
1.046875e+01 1.038226e-01
1.062500e+01 1.012226e-01
1.078125e+01 9.955127e-02
1.093750e+01 9.775549e-02
1.109375e+01 9.528842e-02
1.125000e+01 9.337317e-02
1.140625e+01 9.111567e-02
1.156250e+01 8.862191e-02
1.171875e+01 8.711031e-02
1.187500e+01 8.501526e-02
1.203125e+01 8.308590e-02
1.218750e+01 8.116601e-02
1.234375e+01 7.940558e-02
1.250000e+01 7.735998e-02
1.265625e+01 7.417977e-02
1.281250e+01 7.124143e-02
1.296875e+01 6.954095e-02
1.312500e+01 6.812195e-02
1.328125e+01 6.614631e-02
1.343750e+01 6.423167e-02
1.359375e+01 6.160243e-02
1.375000e+01 5.946042e-02
1.390625e+01 5.736032e-02
1.406250e+01 5.616068e-02
1.421875e+01 5.493104e-02
1.437500e+01 5.401200e-02
1.453125e+01 5.323269e-02
1.468750e+01 5.227513e-02
1.484375e+01 5.134076e-02
1.500000e+01 5.005098e-02
1.515625e+01 4.860093e-02
1.531250e+01 4.762149e-02
1.546875e+01 4.701172e-02
1.562500e+01 4.623905e-02
1.578125e+01 4.525522e-02
1.593750e+01 4.389351e-02
1.609375e+01 4.302158e-02
1.625000e+01 4.212029e-02
1.640625e+01 4.160894e-02
1.656250e+01 4.112976e-02
1.671875e+01 4.049639e-02
1.687500e+01 4.006205e-02
1.703125e+01 3.917632e-02
1.718750e+01 3.859441e-02
1.734375e+01 3.787227e-02
1.750000e+01 3.742677e-02
1.765625e+01 3.699905e-02
1.781250e+01 3.628288e-02
1.796875e+01 3.583890e-02
1.812500e+01 3.552826e-02
1.828125e+01 3.528669e-02
1.843750e+01 3.481029e-02
1.859375e+01 3.419660e-02
1.875000e+01 3.377806e-02
1.890625e+01 3.320890e-02
1.906250e+01 3.232243e-02
1.921875e+01 3.152728e-02
1.937500e+01 3.079603e-02
1.953125e+01 3.008989e-02
1.968750e+01 2.924757e-02
1.984375e+01 2.858822e-02
2.000000e+01 2.821064e-02
2.015625e+01 2.784322e-02
2.031250e+01 2.759861e-02
2.046875e+01 2.734158e-02
2.062500e+01 2.703330e-02
2.078125e+01 2.663128e-02
2.093750e+01 2.619277e-02
2.109375e+01 2.568420e-02
2.125000e+01 2.504012e-02
2.140625e+01 2.431987e-02
2.156250e+01 2.344949e-02
2.171875e+01 2.289734e-02
2.187500e+01 2.239168e-02
2.203125e+01 2.167642e-02
2.218750e+01 2.130914e-02
2.234375e+01 2.087800e-02
2.250000e+01 2.055181e-02
2.265625e+01 2.009851e-02
2.281250e+01 1.975476e-02
2.296875e+01 1.910426e-02
2.312500e+01 1.859338e-02
2.328125e+01 1.841965e-02
2.343750e+01 1.823142e-02
2.359375e+01 1.776672e-02
2.375000e+01 1.744516e-02
2.390625e+01 1.713920e-02
2.406250e+01 1.668246e-02
2.421875e+01 1.632544e-02
2.437500e+01 1.590814e-02
2.453125e+01 1.539646e-02
2.468750e+01 1.480692e-02
2.484375e+01 1.425882e-02
2.500000e+01 1.365469e-02
2.515625e+01 1.315295e-02
2.531250e+01 1.280794e-02
2.546875e+01 1.236341e-02
2.562500e+01 1.205399e-02
2.578125e+01 1.176014e-02
2.593750e+01 1.133037e-02
2.609375e+01 1.104452e-02
2.625000e+01 1.083876e-02
2.640625e+01 1.064285e-02
2.656250e+01 1.045748e-02
2.671875e+01 1.023132e-02
2.687500e+01 1.008642e-02
2.703125e+01 9.893355e-03
2.718750e+01 9.483381e-03
2.734375e+01 9.044179e-03
2.750000e+01 8.273171e-03
2.765625e+01 7.965694e-03
2.781250e+01 7.603248e-03
2.796875e+01 7.191288e-03
2.812500e+01 6.932636e-03
2.828125e+01 6.776835e-03
2.843750e+01 6.617014e-03
2.859375e+01 6.509660e-03
2.875000e+01 6.436689e-03
2.890625e+01 6.302613e-03
2.906250e+01 6.110927e-03
2.921875e+01 5.737058e-03
2.937500e+01 5.633370e-03
2.953125e+01 5.554863e-03
2.968750e+01 5.466511e-03
2.984375e+01 5.216051e-03
3.000000e+01 5.054205e-03
3.015625e+01 4.980100e-03
3.031250e+01 4.767362e-03
3.046875e+01 4.655581e-03
3.062500e+01 4.597134e-03
3.078125e+01 4.497270e-03
3.093750e+01 4.430123e-03
3.109375e+01 4.340750e-03
3.125000e+01 4.171609e-03
3.140625e+01 4.095646e-03
3.156250e+01 4.008791e-03
3.171875e+01 3.888703e-03
3.187500e+01 3.727671e-03
3.203125e+01 3.680244e-03
3.218750e+01 3.596248e-03
3.234375e+01 3.543222e-03
3.250000e+01 3.442934e-03
3.265625e+01 3.282271e-03
3.281250e+01 3.235047e-03
3.296875e+01 3.186436e-03
3.312500e+01 3.122431e-03
3.328125e+01 3.019248e-03
3.343750e+01 2.904039e-03
3.359375e+01 2.843992e-03
3.375000e+01 2.796278e-03
3.390625e+01 2.762121e-03
3.406250e+01 2.718319e-03
3.421875e+01 2.659013e-03
3.437500e+01 2.581904e-03
3.453125e+01 2.509418e-03
3.468750e+01 2.439192e-03
3.484375e+01 2.393413e-03
3.500000e+01 2.337268e-03
3.515625e+01 2.287777e-03
3.531250e+01 2.240399e-03
3.546875e+01 2.200126e-03
3.562500e+01 2.158340e-03
3.578125e+01 2.054431e-03
3.593750e+01 2.009296e-03
3.609375e+01 1.981695e-03
3.625000e+01 1.956437e-03
3.640625e+01 1.917916e-03
3.656250e+01 1.897544e-03
3.671875e+01 1.865690e-03
3.687500e+01 1.849330e-03
3.703125e+01 1.824390e-03
3.718750e+01 1.800328e-03
3.734375e+01 1.743940e-03
3.750000e+01 1.727107e-03
3.765625e+01 1.716346e-03
3.781250e+01 1.704449e-03
3.796875e+01 1.686742e-03
3.812500e+01 1.677164e-03
3.828125e+01 1.662937e-03
3.843750e+01 1.648681e-03
3.859375e+01 1.635085e-03
3.875000e+01 1.612070e-03
3.890625e+01 1.596395e-03
3.906250e+01 1.583350e-03
3.921875e+01 1.564253e-03
3.937500e+01 1.485234e-03
3.953125e+01 1.471897e-03
3.968750e+01 1.461031e-03
3.984375e+01 1.425646e-03
4.000000e+01 1.388194e-03
4.015625e+01 1.345855e-03
4.031250e+01 1.321903e-03
4.046875e+01 1.292265e-03
4.062500e+01 1.262341e-03
4.078125e+01 1.223360e-03
4.093750e+01 1.140149e-03
4.109375e+01 1.056228e-03
4.125000e+01 9.778567e-04
4.140625e+01 9.206158e-04
4.156250e+01 8.043705e-04
4.171875e+01 7.540598e-04
4.187500e+01 7.352955e-04
4.203125e+01 7.222746e-04
4.218750e+01 7.018990e-04
4.234375e+01 6.798375e-04
4.250000e+01 6.626526e-04
4.265625e+01 6.189672e-04
4.281250e+01 6.145741e-04
4.296875e+01 6.071469e-04
4.312500e+01 5.962628e-04
4.328125e+01 5.848495e-04
4.343750e+01 5.552076e-04
4.359375e+01 5.428617e-04
4.375000e+01 5.270542e-04
4.390625e+01 5.121626e-04
4.406250e+01 4.939260e-04
4.421875e+01 4.688405e-04
4.437500e+01 4.542589e-04
4.453125e+01 4.252889e-04
4.468750e+01 4.138155e-04
4.484375e+01 4.019489e-04
4.500000e+01 3.757923e-04
4.515625e+01 3.477482e-04
4.531250e+01 2.964109e-04
4.546875e+01 2.732270e-04
4.562500e+01 2.603162e-04
4.578125e+01 2.505872e-04
4.593750e+01 2.267734e-04
4.609375e+01 2.130569e-04
4.625000e+01 1.952860e-04
4.640625e+01 1.790939e-04
4.656250e+01 1.702646e-04
4.671875e+01 1.649118e-04
4.687500e+01 1.616833e-04
4.703125e+01 1.592660e-04
4.718750e+01 1.580542e-04
4.734375e+01 1.570587e-04
4.750000e+01 1.522381e-04
4.765625e+01 1.513822e-04
4.781250e+01 1.509782e-04
4.796875e+01 1.504613e-04
4.812500e+01 1.496645e-04
4.828125e+01 1.488750e-04
4.843750e+01 1.473911e-04
4.859375e+01 1.456103e-04
4.875000e+01 1.427487e-04
4.890625e+01 1.399879e-04
4.906250e+01 1.360315e-04
4.921875e+01 1.337572e-04
4.937500e+01 1.321233e-04
4.953125e+01 1.298188e-04
4.968750e+01 1.263073e-04
4.984375e+01 1.244559e-04
5.000000e+01 1.240780e-04
5.015625e+01 1.236648e-04
5.031250e+01 1.227784e-04
5.046875e+01 1.211990e-04
5.062500e+01 1.205968e-04
5.078125e+01 1.203613e-04
5.093750e+01 1.200440e-04
5.109375e+01 1.195227e-04
5.125000e+01 1.187004e-04
5.140625e+01 1.174440e-04
5.156250e+01 1.163451e-04
5.171875e+01 1.154363e-04
5.187500e+01 1.141478e-04
5.203125e+01 1.129286e-04
5.218750e+01 1.118054e-04
5.234375e+01 1.085989e-04
5.250000e+01 1.070665e-04
5.265625e+01 1.062696e-04
5.281250e+01 1.028284e-04
5.296875e+01 9.695800e-05
5.312500e+01 9.456878e-05
5.328125e+01 9.343922e-05
5.343750e+01 9.292511e-05
5.359375e+01 9.277894e-05
5.375000e+01 9.270233e-05
5.390625e+01 9.261031e-05
5.406250e+01 9.250980e-05
5.421875e+01 9.234372e-05
5.437500e+01 9.226485e-05
5.453125e+01 9.215156e-05
5.468750e+01 9.199549e-05
5.484375e+01 9.180177e-05
5.500000e+01 9.163101e-05
5.515625e+01 9.121296e-05
5.531250e+01 9.062558e-05
5.546875e+01 9.027302e-05
5.562500e+01 9.005798e-05
5.578125e+01 8.977454e-05
5.593750e+01 8.939450e-05
5.609375e+01 8.912121e-05
5.625000e+01 8.867735e-05
5.640625e+01 8.624914e-05
5.656250e+01 8.480203e-05
5.671875e+01 8.078281e-05
5.687500e+01 7.705402e-05
5.703125e+01 7.359559e-05
5.718750e+01 7.090689e-05
5.734375e+01 6.927429e-05
5.750000e+01 6.822654e-05
5.765625e+01 6.779539e-05
5.781250e+01 6.722886e-05
5.796875e+01 6.531848e-05
5.812500e+01 6.443270e-05
5.828125e+01 6.363369e-05
5.843750e+01 6.182262e-05
5.859375e+01 5.863470e-05
5.875000e+01 5.606816e-05
5.890625e+01 5.448218e-05
5.906250e+01 5.301563e-05
5.921875e+01 4.617149e-05
5.937500e+01 3.803808e-05
5.953125e+01 2.669445e-05
5.968750e+01 9.276455e-25
5.984375e+01 9.702721e-42
6.000000e+01 7.047528e-42
6.015625e+01 6.916101e-42
6.031250e+01 6.634946e-42
6.046875e+01 6.066385e-42
6.062500e+01 5.435839e-42
6.078125e+01 4.730094e-42
6.093750e+01 4.248441e-42
6.109375e+01 4.069094e-42
6.125000e+01 3.828124e-42
6.140625e+01 3.139660e-42
6.156250e+01 2.859687e-42
6.171875e+01 2.787523e-42
6.187500e+01 2.740255e-42
6.203125e+01 2.451372e-42
6.218750e+01 2.297659e-42
6.234375e+01 2.285291e-42
6.250000e+01 2.276320e-42
6.265625e+01 2.259621e-42
6.281250e+01 2.227925e-42
6.296875e+01 2.206668e-42
6.312500e+01 2.190857e-42
6.328125e+01 2.166370e-42
6.343750e+01 2.095224e-42
6.359375e+01 1.933693e-42
6.375000e+01 1.625368e-42
6.390625e+01 1.415216e-42
6.406250e+01 1.063510e-42
6.421875e+01 8.087013e-43
6.437500e+01 3.733366e-54
6.453125e+01 3.732208e-54
6.468750e+01 3.730428e-54
6.484375e+01 3.728056e-54
6.500000e+01 3.725619e-54
6.515625e+01 3.720459e-54
6.531250e+01 3.705786e-54
6.546875e+01 3.671774e-54
6.562500e+01 3.638984e-54
6.578125e+01 3.593906e-54
6.593750e+01 3.506153e-54
6.609375e+01 3.482590e-54
6.625000e+01 3.422306e-54
6.640625e+01 3.350055e-54
6.656250e+01 3.322924e-54
6.671875e+01 3.252240e-54
6.687500e+01 2.945681e-54
6.703125e+01 2.184086e-54
6.718750e+01 9.773337e-55
6.734375e+01 4.857307e-55
6.750000e+01 3.795619e-55
6.765625e+01 2.564512e-55
6.781250e+01 1.790212e-55
6.796875e+01 1.317933e-55
6.812500e+01 8.746627e-56
6.828125e+01 7.039807e-56
6.843750e+01 6.319580e-61
6.859375e+01 6.034351e-68
6.875000e+01 3.288734e-115
6.890625e+01 1.566052e-154
6.906250e+01 1.856667e-174
6.921875e+01 3.909872e-177
6.937500e+01 3.864434e-177
6.953125e+01 3.825887e-177
6.968750e+01 3.813622e-177
6.984375e+01 3.809241e-177
7.000000e+01 3.804941e-177
7.015625e+01 3.801568e-177
7.031250e+01 3.799984e-177
7.046875e+01 3.795989e-177
7.062500e+01 3.783316e-177
7.078125e+01 3.752809e-177
7.093750e+01 3.713551e-177
7.109375e+01 3.711350e-177
7.125000e+01 3.692470e-177
7.140625e+01 3.684013e-177
7.156250e+01 3.677167e-177
7.171875e+01 3.663370e-177
7.187500e+01 3.638851e-177
7.203125e+01 3.622182e-177
7.218750e+01 3.615098e-177
7.234375e+01 3.610247e-177
7.250000e+01 3.607326e-177
7.265625e+01 3.605574e-177
7.281250e+01 3.602331e-177
7.296875e+01 3.591243e-177
7.312500e+01 3.547369e-177
7.328125e+01 3.535315e-177
7.343750e+01 3.531510e-177
7.359375e+01 3.529072e-177
7.375000e+01 3.526069e-177
7.390625e+01 3.510051e-177
7.406250e+01 3.493286e-177
7.421875e+01 3.492187e-177
7.437500e+01 3.490412e-177
7.453125e+01 3.489430e-177
7.468750e+01 3.488456e-177
7.484375e+01 3.487645e-177
7.500000e+01 3.482864e-177
7.515625e+01 3.422865e-177
7.531250e+01 3.341036e-177
7.546875e+01 3.331806e-177
7.562500e+01 3.331383e-177
7.578125e+01 3.330987e-177
7.593750e+01 3.330658e-177
7.609375e+01 3.329948e-177
7.625000e+01 3.329016e-177
7.640625e+01 3.327581e-177
7.656250e+01 3.324615e-177
7.671875e+01 3.323734e-177
7.687500e+01 3.321952e-177
7.703125e+01 3.320401e-177
7.718750e+01 3.318771e-177
7.734375e+01 3.317068e-177
7.750000e+01 3.315894e-177
7.765625e+01 3.314818e-177
7.781250e+01 3.308173e-177
7.796875e+01 3.306289e-177
7.812500e+01 3.300488e-177
7.828125e+01 3.275588e-177
7.843750e+01 3.228125e-177
7.859375e+01 3.185683e-177
7.875000e+01 3.090538e-177
7.890625e+01 3.030777e-177
7.906250e+01 3.011559e-177
7.921875e+01 2.936184e-177
7.937500e+01 2.614603e-177
7.953125e+01 2.388872e-177
7.968750e+01 1.801748e-178
7.984375e+01 2.963962e-181
