# x[h^-1_cMpc]  F_mean
0.000000e+00 5.758281e-01
1.562500e-01 5.391117e-01
3.125000e-01 5.151419e-01
4.687500e-01 4.968616e-01
6.250000e-01 4.813411e-01
7.812500e-01 4.691675e-01
9.375000e-01 4.598478e-01
1.093750e+00 4.522099e-01
1.250000e+00 4.445735e-01
1.406250e+00 4.371298e-01
1.562500e+00 4.308285e-01
1.718750e+00 4.232957e-01
1.875000e+00 4.150935e-01
2.031250e+00 4.081561e-01
2.187500e+00 4.005919e-01
2.343750e+00 3.930602e-01
2.500000e+00 3.854491e-01
2.656250e+00 3.784595e-01
2.812500e+00 3.710484e-01
2.968750e+00 3.624758e-01
3.125000e+00 3.570933e-01
3.281250e+00 3.517344e-01
3.437500e+00 3.463254e-01
3.593750e+00 3.399710e-01
3.750000e+00 3.332592e-01
3.906250e+00 3.265045e-01
4.062500e+00 3.211035e-01
4.218750e+00 3.157016e-01
4.375000e+00 3.102286e-01
4.531250e+00 3.049784e-01
4.687500e+00 3.001311e-01
4.843750e+00 2.953798e-01
5.000000e+00 2.901047e-01
5.156250e+00 2.849134e-01
5.312500e+00 2.799830e-01
5.468750e+00 2.754780e-01
5.625000e+00 2.719439e-01
5.781250e+00 2.685665e-01
5.937500e+00 2.644571e-01
6.093750e+00 2.607050e-01
6.250000e+00 2.576572e-01
6.406250e+00 2.542817e-01
6.562500e+00 2.513026e-01
6.718750e+00 2.485331e-01
6.875000e+00 2.459773e-01
7.031250e+00 2.432140e-01
7.187500e+00 2.400037e-01
7.343750e+00 2.371373e-01
7.500000e+00 2.344755e-01
7.656250e+00 2.307028e-01
7.812500e+00 2.275882e-01
7.968750e+00 2.249563e-01
8.125000e+00 2.226630e-01
8.281250e+00 2.206452e-01
8.437500e+00 2.181983e-01
8.593750e+00 2.151722e-01
8.750000e+00 2.125037e-01
8.906250e+00 2.098220e-01
9.062500e+00 2.074033e-01
9.218750e+00 2.049127e-01
9.375000e+00 2.026525e-01
9.531250e+00 2.006738e-01
9.687500e+00 1.985558e-01
9.843750e+00 1.970006e-01
1.000000e+01 1.952097e-01
1.015625e+01 1.931523e-01
1.031250e+01 1.906092e-01
1.046875e+01 1.877197e-01
1.062500e+01 1.851114e-01
1.078125e+01 1.826785e-01
1.093750e+01 1.798289e-01
1.109375e+01 1.759487e-01
1.125000e+01 1.734970e-01
1.140625e+01 1.710572e-01
1.156250e+01 1.687973e-01
1.171875e+01 1.659552e-01
1.187500e+01 1.636420e-01
1.203125e+01 1.614624e-01
1.218750e+01 1.593912e-01
1.234375e+01 1.570139e-01
1.250000e+01 1.543392e-01
1.265625e+01 1.515081e-01
1.281250e+01 1.492001e-01
1.296875e+01 1.469028e-01
1.312500e+01 1.443681e-01
1.328125e+01 1.411232e-01
1.343750e+01 1.382546e-01
1.359375e+01 1.346323e-01
1.375000e+01 1.322342e-01
1.390625e+01 1.298718e-01
1.406250e+01 1.275598e-01
1.421875e+01 1.246462e-01
1.437500e+01 1.220970e-01
1.453125e+01 1.196003e-01
1.468750e+01 1.171853e-01
1.484375e+01 1.143814e-01
1.500000e+01 1.124321e-01
1.515625e+01 1.104700e-01
1.531250e+01 1.076942e-01
1.546875e+01 1.055777e-01
1.562500e+01 1.038025e-01
1.578125e+01 1.022895e-01
1.593750e+01 1.004568e-01
1.609375e+01 9.897848e-02
1.625000e+01 9.752872e-02
1.640625e+01 9.585916e-02
1.656250e+01 9.453050e-02
1.671875e+01 9.342688e-02
1.687500e+01 9.228794e-02
1.703125e+01 9.115751e-02
1.718750e+01 9.019374e-02
1.734375e+01 8.908131e-02
1.750000e+01 8.825694e-02
1.765625e+01 8.762317e-02
1.781250e+01 8.688280e-02
1.796875e+01 8.613953e-02
1.812500e+01 8.541322e-02
1.828125e+01 8.472675e-02
1.843750e+01 8.401486e-02
1.859375e+01 8.327476e-02
1.875000e+01 8.257910e-02
1.890625e+01 8.201031e-02
1.906250e+01 8.092046e-02
1.921875e+01 7.986646e-02
1.937500e+01 7.878944e-02
1.953125e+01 7.773245e-02
1.968750e+01 7.691149e-02
1.984375e+01 7.570712e-02
2.000000e+01 7.480350e-02
2.015625e+01 7.402988e-02
2.031250e+01 7.355634e-02
2.046875e+01 7.293396e-02
2.062500e+01 7.248861e-02
2.078125e+01 7.166772e-02
2.093750e+01 7.108656e-02
2.109375e+01 7.003269e-02
2.125000e+01 6.890414e-02
2.140625e+01 6.785512e-02
2.156250e+01 6.695452e-02
2.171875e+01 6.584136e-02
2.187500e+01 6.458950e-02
2.203125e+01 6.341223e-02
2.218750e+01 6.200468e-02
2.234375e+01 6.076322e-02
2.250000e+01 5.969379e-02
2.265625e+01 5.848026e-02
2.281250e+01 5.724165e-02
2.296875e+01 5.623753e-02
2.312500e+01 5.550269e-02
2.328125e+01 5.478851e-02
2.343750e+01 5.389178e-02
2.359375e+01 5.290812e-02
2.375000e+01 5.209266e-02
2.390625e+01 5.117969e-02
2.406250e+01 5.001805e-02
2.421875e+01 4.906878e-02
2.437500e+01 4.793047e-02
2.453125e+01 4.718247e-02
2.468750e+01 4.615175e-02
2.484375e+01 4.516162e-02
2.500000e+01 4.438374e-02
2.515625e+01 4.371807e-02
2.531250e+01 4.288529e-02
2.546875e+01 4.167878e-02
2.562500e+01 4.086816e-02
2.578125e+01 3.999747e-02
2.593750e+01 3.932300e-02
2.609375e+01 3.868649e-02
2.625000e+01 3.814598e-02
2.640625e+01 3.720601e-02
2.656250e+01 3.662483e-02
2.671875e+01 3.598456e-02
2.687500e+01 3.536503e-02
2.703125e+01 3.475727e-02
2.718750e+01 3.403249e-02
2.734375e+01 3.346031e-02
2.750000e+01 3.270306e-02
2.765625e+01 3.197701e-02
2.781250e+01 3.128076e-02
2.796875e+01 3.048590e-02
2.812500e+01 2.959909e-02
2.828125e+01 2.886561e-02
2.843750e+01 2.841578e-02
2.859375e+01 2.786225e-02
2.875000e+01 2.723001e-02
2.890625e+01 2.676449e-02
2.906250e+01 2.627929e-02
2.921875e+01 2.587250e-02
2.937500e+01 2.536765e-02
2.953125e+01 2.447859e-02
2.968750e+01 2.388831e-02
2.984375e+01 2.340470e-02
3.000000e+01 2.267656e-02
3.015625e+01 2.230660e-02
3.031250e+01 2.180308e-02
3.046875e+01 2.135929e-02
3.062500e+01 2.090275e-02
3.078125e+01 2.051751e-02
3.093750e+01 2.017258e-02
3.109375e+01 1.983705e-02
3.125000e+01 1.951145e-02
3.140625e+01 1.917212e-02
3.156250e+01 1.887420e-02
3.171875e+01 1.851478e-02
3.187500e+01 1.819278e-02
3.203125e+01 1.778776e-02
3.218750e+01 1.740785e-02
3.234375e+01 1.701437e-02
3.250000e+01 1.665999e-02
3.265625e+01 1.619656e-02
3.281250e+01 1.552357e-02
3.296875e+01 1.516788e-02
3.312500e+01 1.483842e-02
3.328125e+01 1.458465e-02
3.343750e+01 1.419768e-02
3.359375e+01 1.374920e-02
3.375000e+01 1.345926e-02
3.390625e+01 1.306315e-02
3.406250e+01 1.287437e-02
3.421875e+01 1.271888e-02
3.437500e+01 1.259477e-02
3.453125e+01 1.237311e-02
3.468750e+01 1.217370e-02
3.484375e+01 1.200663e-02
3.500000e+01 1.175474e-02
3.515625e+01 1.162775e-02
3.531250e+01 1.146731e-02
3.546875e+01 1.123797e-02
3.562500e+01 1.101295e-02
3.578125e+01 1.077833e-02
3.593750e+01 1.042726e-02
3.609375e+01 1.013988e-02
3.625000e+01 9.825506e-03
3.640625e+01 9.467465e-03
3.656250e+01 9.249682e-03
3.671875e+01 8.950126e-03
3.687500e+01 8.816265e-03
3.703125e+01 8.697403e-03
3.718750e+01 8.588373e-03
3.734375e+01 8.440902e-03
3.750000e+01 8.237377e-03
3.765625e+01 7.806544e-03
3.781250e+01 7.737604e-03
3.796875e+01 7.616859e-03
3.812500e+01 7.496022e-03
3.828125e+01 7.387820e-03
3.843750e+01 7.312749e-03
3.859375e+01 7.260418e-03
3.875000e+01 7.217326e-03
3.890625e+01 7.104711e-03
3.906250e+01 7.041874e-03
3.921875e+01 6.980375e-03
3.937500e+01 6.929771e-03
3.953125e+01 6.866424e-03
3.968750e+01 6.810734e-03
3.984375e+01 6.730018e-03
4.000000e+01 6.687875e-03
4.015625e+01 6.636304e-03
4.031250e+01 6.554059e-03
4.046875e+01 6.480342e-03
4.062500e+01 6.374663e-03
4.078125e+01 6.277279e-03
4.093750e+01 6.138564e-03
4.109375e+01 6.033025e-03
4.125000e+01 5.902586e-03
4.140625e+01 5.800218e-03
4.156250e+01 5.737039e-03
4.171875e+01 5.686078e-03
4.187500e+01 5.614511e-03
4.203125e+01 5.521806e-03
4.218750e+01 5.374229e-03
4.234375e+01 5.247439e-03
4.250000e+01 5.138440e-03
4.265625e+01 5.045263e-03
4.281250e+01 4.875629e-03
4.296875e+01 4.811999e-03
4.312500e+01 4.741781e-03
4.328125e+01 4.654483e-03
4.343750e+01 4.577292e-03
4.359375e+01 4.493221e-03
4.375000e+01 4.290708e-03
4.390625e+01 4.220280e-03
4.406250e+01 4.095346e-03
4.421875e+01 3.996129e-03
4.437500e+01 3.826865e-03
4.453125e+01 3.626533e-03
4.468750e+01 3.477861e-03
4.484375e+01 3.324130e-03
4.500000e+01 3.111165e-03
4.515625e+01 3.023191e-03
4.531250e+01 2.967915e-03
4.546875e+01 2.892443e-03
4.562500e+01 2.730196e-03
4.578125e+01 2.712028e-03
4.593750e+01 2.696754e-03
4.609375e+01 2.682106e-03
4.625000e+01 2.659072e-03
4.640625e+01 2.614628e-03
4.656250e+01 2.572381e-03
4.671875e+01 2.484039e-03
4.687500e+01 2.390302e-03
4.703125e+01 2.259089e-03
4.718750e+01 2.121277e-03
4.734375e+01 2.021445e-03
4.750000e+01 1.764013e-03
4.765625e+01 1.555506e-03
4.781250e+01 1.516527e-03
4.796875e+01 1.489744e-03
4.812500e+01 1.461689e-03
4.828125e+01 1.445511e-03
4.843750e+01 1.431949e-03
4.859375e+01 1.419981e-03
4.875000e+01 1.402137e-03
4.890625e+01 1.390873e-03
4.906250e+01 1.379987e-03
4.921875e+01 1.371300e-03
4.937500e+01 1.361488e-03
4.953125e+01 1.350689e-03
4.968750e+01 1.342961e-03
4.984375e+01 1.334555e-03
5.000000e+01 1.325113e-03
5.015625e+01 1.316123e-03
5.031250e+01 1.294186e-03
5.046875e+01 1.287908e-03
5.062500e+01 1.280849e-03
5.078125e+01 1.268337e-03
5.093750e+01 1.258129e-03
5.109375e+01 1.249176e-03
5.125000e+01 1.239830e-03
5.140625e+01 1.214856e-03
5.156250e+01 1.180489e-03
5.171875e+01 1.159061e-03
5.187500e+01 1.043520e-03
5.203125e+01 9.424611e-04
5.218750e+01 9.336360e-04
5.234375e+01 9.217222e-04
5.250000e+01 8.988211e-04
5.265625e+01 7.939143e-04
5.281250e+01 7.904608e-04
5.296875e+01 7.867557e-04
5.312500e+01 7.832895e-04
5.328125e+01 7.806706e-04
5.343750e+01 7.772817e-04
5.359375e+01 7.692273e-04
5.375000e+01 7.596156e-04
5.390625e+01 7.511140e-04
5.406250e+01 7.469302e-04
5.421875e+01 7.306882e-04
5.437500e+01 7.235179e-04
5.453125e+01 7.159047e-04
5.468750e+01 7.142664e-04
5.484375e+01 7.121411e-04
5.500000e+01 7.086772e-04
5.515625e+01 7.024942e-04
5.531250e+01 6.976683e-04
5.546875e+01 6.878059e-04
5.562500e+01 6.765202e-04
5.578125e+01 6.664959e-04
5.593750e+01 6.601244e-04
5.609375e+01 6.437361e-04
5.625000e+01 6.255809e-04
5.640625e+01 6.088382e-04
5.656250e+01 6.035170e-04
5.671875e+01 5.875473e-04
5.687500e+01 5.837160e-04
5.703125e+01 5.780214e-04
5.718750e+01 5.690517e-04
5.734375e+01 5.486395e-04
5.750000e+01 5.264100e-04
5.765625e+01 4.931554e-04
5.781250e+01 4.861033e-04
5.796875e+01 4.768420e-04
5.812500e+01 4.713412e-04
5.828125e+01 4.644457e-04
5.843750e+01 4.544783e-04
5.859375e+01 4.436632e-04
5.875000e+01 4.371083e-04
5.890625e+01 4.319634e-04
5.906250e+01 4.254669e-04
5.921875e+01 4.207728e-04
5.937500e+01 4.117555e-04
5.953125e+01 3.990671e-04
5.968750e+01 3.653483e-04
5.984375e+01 3.603436e-04
6.000000e+01 3.492968e-04
6.015625e+01 3.367952e-04
6.031250e+01 3.254425e-04
6.046875e+01 3.139939e-04
6.062500e+01 2.963961e-04
6.078125e+01 2.755149e-04
6.093750e+01 2.639913e-04
6.109375e+01 2.420324e-04
6.125000e+01 2.348143e-04
6.140625e+01 2.267822e-04
6.156250e+01 2.137705e-04
6.171875e+01 2.083323e-04
6.187500e+01 2.023677e-04
6.203125e+01 1.941238e-04
6.218750e+01 1.834599e-04
6.234375e+01 1.575503e-04
6.250000e+01 1.559091e-04
6.265625e+01 1.548740e-04
6.281250e+01 1.532111e-04
6.296875e+01 1.521970e-04
6.312500e+01 1.503803e-04
6.328125e+01 1.489270e-04
6.343750e+01 1.475563e-04
6.359375e+01 1.463228e-04
6.375000e+01 1.441590e-04
6.390625e+01 1.402050e-04
6.406250e+01 1.397872e-04
6.421875e+01 1.388370e-04
6.437500e+01 1.377262e-04
6.453125e+01 1.371626e-04
6.468750e+01 1.366993e-04
6.484375e+01 1.359635e-04
6.500000e+01 1.354463e-04
6.515625e+01 1.340764e-04
6.531250e+01 1.198359e-04
6.546875e+01 1.139628e-04
6.562500e+01 1.136965e-04
6.578125e+01 1.134380e-04
6.593750e+01 1.130941e-04
6.609375e+01 1.119799e-04
6.625000e+01 1.112741e-04
6.640625e+01 1.109321e-04
6.656250e+01 1.106865e-04
6.671875e+01 1.099528e-04
6.687500e+01 1.095698e-04
6.703125e+01 1.091927e-04
6.718750e+01 1.084822e-04
6.734375e+01 1.077404e-04
6.750000e+01 1.073487e-04
6.765625e+01 1.064449e-04
6.781250e+01 1.044983e-04
6.796875e+01 1.028856e-04
6.812500e+01 9.964978e-05
6.828125e+01 9.378863e-05
6.843750e+01 8.494000e-05
6.859375e+01 8.112250e-05
6.875000e+01 7.827704e-05
6.890625e+01 7.621344e-05
6.906250e+01 7.462110e-05
6.921875e+01 7.375770e-05
6.937500e+01 7.254932e-05
6.953125e+01 7.030262e-05
6.968750e+01 6.915040e-05
6.984375e+01 6.849499e-05
7.000000e+01 6.813121e-05
7.015625e+01 6.789002e-05
7.031250e+01 6.777940e-05
7.046875e+01 6.768651e-05
7.062500e+01 6.759704e-05
7.078125e+01 6.751839e-05
7.093750e+01 6.741739e-05
7.109375e+01 6.726600e-05
7.125000e+01 6.713580e-05
7.140625e+01 6.696217e-05
7.156250e+01 6.651249e-05
7.171875e+01 6.631080e-05
7.187500e+01 6.601732e-05
7.203125e+01 6.586179e-05
7.218750e+01 6.575186e-05
7.234375e+01 6.570275e-05
7.250000e+01 6.565639e-05
7.265625e+01 6.560341e-05
7.281250e+01 6.536394e-05
7.296875e+01 6.419667e-05
7.312500e+01 6.241716e-05
7.328125e+01 6.157422e-05
7.343750e+01 6.105518e-05
7.359375e+01 5.986363e-05
7.375000e+01 5.959633e-05
7.390625e+01 5.945679e-05
7.406250e+01 5.943213e-05
7.421875e+01 5.938257e-05
7.437500e+01 5.309291e-05
7.453125e+01 5.274000e-05
7.468750e+01 5.248929e-05
7.484375e+01 5.237827e-05
7.500000e+01 5.231185e-05
7.515625e+01 5.203318e-05
7.531250e+01 5.192159e-05
7.546875e+01 5.188096e-05
7.562500e+01 5.183500e-05
7.578125e+01 5.179435e-05
7.593750e+01 5.172129e-05
7.609375e+01 5.169609e-05
7.625000e+01 5.166734e-05
7.640625e+01 5.157119e-05
7.656250e+01 5.152143e-05
7.671875e+01 5.143722e-05
7.687500e+01 5.137761e-05
7.703125e+01 5.135057e-05
7.718750e+01 5.130668e-05
7.734375e+01 5.127060e-05
7.750000e+01 5.121286e-05
7.765625e+01 5.102875e-05
7.781250e+01 5.089576e-05
7.796875e+01 5.080801e-05
7.812500e+01 5.075521e-05
7.828125e+01 5.060905e-05
7.843750e+01 5.043741e-05
7.859375e+01 5.036281e-05
7.875000e+01 5.030902e-05
7.890625e+01 5.028078e-05
7.906250e+01 5.023474e-05
7.921875e+01 5.011563e-05
7.937500e+01 4.990049e-05
7.953125e+01 4.977455e-05
7.968750e+01 4.895157e-05
7.984375e+01 4.873293e-05
