# x[h^-1_cMpc]  F_mean
0.000000e+00 9.999646e-01
1.562500e-01 9.999316e-01
3.125000e-01 9.998985e-01
4.687500e-01 9.998658e-01
6.250000e-01 9.998318e-01
7.812500e-01 9.997968e-01
9.375000e-01 9.997642e-01
1.093750e+00 9.997276e-01
1.250000e+00 9.996985e-01
1.406250e+00 9.996575e-01
1.562500e+00 9.996227e-01
1.718750e+00 9.995912e-01
1.875000e+00 9.995565e-01
2.031250e+00 9.995169e-01
2.187500e+00 9.994795e-01
2.343750e+00 9.994423e-01
2.500000e+00 9.994050e-01
2.656250e+00 9.993685e-01
2.812500e+00 9.993313e-01
2.968750e+00 9.992961e-01
3.125000e+00 9.992617e-01
3.281250e+00 9.992238e-01
3.437500e+00 9.991888e-01
3.593750e+00 9.991467e-01
3.750000e+00 9.991069e-01
3.906250e+00 9.990742e-01
4.062500e+00 9.990443e-01
4.218750e+00 9.990053e-01
4.375000e+00 9.989622e-01
4.531250e+00 9.989299e-01
4.687500e+00 9.988990e-01
4.843750e+00 9.988656e-01
5.000000e+00 9.988324e-01
5.156250e+00 9.987933e-01
5.312500e+00 9.987641e-01
5.468750e+00 9.987304e-01
5.625000e+00 9.986932e-01
5.781250e+00 9.986600e-01
5.937500e+00 9.986313e-01
6.093750e+00 9.986023e-01
6.250000e+00 9.985699e-01
6.406250e+00 9.985356e-01
6.562500e+00 9.985039e-01
6.718750e+00 9.984642e-01
6.875000e+00 9.984355e-01
7.031250e+00 9.984052e-01
7.187500e+00 9.983699e-01
7.343750e+00 9.983333e-01
7.500000e+00 9.983007e-01
7.656250e+00 9.982695e-01
7.812500e+00 9.982377e-01
7.968750e+00 9.982036e-01
8.125000e+00 9.981698e-01
8.281250e+00 9.981334e-01
8.437500e+00 9.980967e-01
8.593750e+00 9.980604e-01
8.750000e+00 9.980247e-01
8.906250e+00 9.979857e-01
9.062500e+00 9.979537e-01
9.218750e+00 9.979195e-01
9.375000e+00 9.978865e-01
9.531250e+00 9.978541e-01
9.687500e+00 9.978154e-01
9.843750e+00 9.977636e-01
1.000000e+01 9.977218e-01
1.015625e+01 9.976809e-01
1.031250e+01 9.976451e-01
1.046875e+01 9.976103e-01
1.062500e+01 9.975694e-01
1.078125e+01 9.975274e-01
1.093750e+01 9.974940e-01
1.109375e+01 9.974649e-01
1.125000e+01 9.974361e-01
1.140625e+01 9.973954e-01
1.156250e+01 9.973606e-01
1.171875e+01 9.973285e-01
1.187500e+01 9.972902e-01
1.203125e+01 9.972339e-01
1.218750e+01 9.972040e-01
1.234375e+01 9.971696e-01
1.250000e+01 9.971313e-01
1.265625e+01 9.970851e-01
1.281250e+01 9.970444e-01
1.296875e+01 9.969979e-01
1.312500e+01 9.969580e-01
1.328125e+01 9.969304e-01
1.343750e+01 9.968944e-01
1.359375e+01 9.968653e-01
1.375000e+01 9.968266e-01
1.390625e+01 9.967955e-01
1.406250e+01 9.967662e-01
1.421875e+01 9.967271e-01
1.437500e+01 9.966883e-01
1.453125e+01 9.966582e-01
1.468750e+01 9.966318e-01
1.484375e+01 9.966017e-01
1.500000e+01 9.965672e-01
1.515625e+01 9.965393e-01
1.531250e+01 9.965095e-01
1.546875e+01 9.964804e-01
1.562500e+01 9.964417e-01
1.578125e+01 9.964087e-01
1.593750e+01 9.963793e-01
1.609375e+01 9.963476e-01
1.625000e+01 9.963168e-01
1.640625e+01 9.962832e-01
1.656250e+01 9.962492e-01
1.671875e+01 9.962162e-01
1.687500e+01 9.961821e-01
1.703125e+01 9.961535e-01
1.718750e+01 9.961180e-01
1.734375e+01 9.960782e-01
1.750000e+01 9.960470e-01
1.765625e+01 9.960113e-01
1.781250e+01 9.959801e-01
1.796875e+01 9.959510e-01
1.812500e+01 9.959246e-01
1.828125e+01 9.958966e-01
1.843750e+01 9.958657e-01
1.859375e+01 9.958298e-01
1.875000e+01 9.957920e-01
1.890625e+01 9.957646e-01
1.906250e+01 9.957297e-01
1.921875e+01 9.956956e-01
1.937500e+01 9.956624e-01
1.953125e+01 9.956254e-01
1.968750e+01 9.955933e-01
1.984375e+01 9.955519e-01
2.000000e+01 9.955129e-01
2.015625e+01 9.954725e-01
2.031250e+01 9.954334e-01
2.046875e+01 9.953872e-01
2.062500e+01 9.953459e-01
2.078125e+01 9.952914e-01
2.093750e+01 9.952518e-01
2.109375e+01 9.952198e-01
2.125000e+01 9.951907e-01
2.140625e+01 9.951552e-01
2.156250e+01 9.951193e-01
2.171875e+01 9.950877e-01
2.187500e+01 9.950506e-01
2.203125e+01 9.950160e-01
2.218750e+01 9.949790e-01
2.234375e+01 9.949457e-01
2.250000e+01 9.949169e-01
2.265625e+01 9.948823e-01
2.281250e+01 9.948423e-01
2.296875e+01 9.948056e-01
2.312500e+01 9.947570e-01
2.328125e+01 9.947174e-01
2.343750e+01 9.946845e-01
2.359375e+01 9.946498e-01
2.375000e+01 9.946182e-01
2.390625e+01 9.945819e-01
2.406250e+01 9.945480e-01
2.421875e+01 9.945228e-01
2.437500e+01 9.944944e-01
2.453125e+01 9.944568e-01
2.468750e+01 9.944175e-01
2.484375e+01 9.943788e-01
2.500000e+01 9.943452e-01
2.515625e+01 9.943170e-01
2.531250e+01 9.942782e-01
2.546875e+01 9.942468e-01
2.562500e+01 9.942180e-01
2.578125e+01 9.941848e-01
2.593750e+01 9.941558e-01
2.609375e+01 9.941241e-01
2.625000e+01 9.940939e-01
2.640625e+01 9.940639e-01
2.656250e+01 9.940300e-01
2.671875e+01 9.939966e-01
2.687500e+01 9.939612e-01
2.703125e+01 9.939289e-01
2.718750e+01 9.938932e-01
2.734375e+01 9.938600e-01
2.750000e+01 9.938206e-01
2.765625e+01 9.937912e-01
2.781250e+01 9.937594e-01
2.796875e+01 9.937287e-01
2.812500e+01 9.936940e-01
2.828125e+01 9.936556e-01
2.843750e+01 9.936203e-01
2.859375e+01 9.935908e-01
2.875000e+01 9.935638e-01
2.890625e+01 9.935348e-01
2.906250e+01 9.935032e-01
2.921875e+01 9.934727e-01
2.937500e+01 9.934441e-01
2.953125e+01 9.934072e-01
2.968750e+01 9.933752e-01
2.984375e+01 9.933463e-01
3.000000e+01 9.933210e-01
3.015625e+01 9.932925e-01
3.031250e+01 9.932661e-01
3.046875e+01 9.932357e-01
3.062500e+01 9.932079e-01
3.078125e+01 9.931729e-01
3.093750e+01 9.931451e-01
3.109375e+01 9.931089e-01
3.125000e+01 9.930793e-01
3.140625e+01 9.930387e-01
3.156250e+01 9.930025e-01
3.171875e+01 9.929727e-01
3.187500e+01 9.929438e-01
3.203125e+01 9.929112e-01
3.218750e+01 9.928836e-01
3.234375e+01 9.928554e-01
3.250000e+01 9.928258e-01
3.265625e+01 9.927907e-01
3.281250e+01 9.927603e-01
3.296875e+01 9.927303e-01
3.312500e+01 9.926944e-01
3.328125e+01 9.926555e-01
3.343750e+01 9.926263e-01
3.359375e+01 9.926005e-01
3.375000e+01 9.925625e-01
3.390625e+01 9.925281e-01
3.406250e+01 9.924953e-01
3.421875e+01 9.924657e-01
3.437500e+01 9.924380e-01
3.453125e+01 9.924092e-01
3.468750e+01 9.923757e-01
3.484375e+01 9.923457e-01
3.500000e+01 9.923132e-01
3.515625e+01 9.922805e-01
3.531250e+01 9.922437e-01
3.546875e+01 9.922019e-01
3.562500e+01 9.921562e-01
3.578125e+01 9.921282e-01
3.593750e+01 9.920987e-01
3.609375e+01 9.920617e-01
3.625000e+01 9.920313e-01
3.640625e+01 9.920022e-01
3.656250e+01 9.919714e-01
3.671875e+01 9.919386e-01
3.687500e+01 9.919071e-01
3.703125e+01 9.918800e-01
3.718750e+01 9.918409e-01
3.734375e+01 9.918043e-01
3.750000e+01 9.917737e-01
3.765625e+01 9.917405e-01
3.781250e+01 9.917128e-01
3.796875e+01 9.916851e-01
3.812500e+01 9.916564e-01
3.828125e+01 9.916274e-01
3.843750e+01 9.915979e-01
3.859375e+01 9.915702e-01
3.875000e+01 9.915397e-01
3.890625e+01 9.915119e-01
3.906250e+01 9.914819e-01
3.921875e+01 9.914435e-01
3.937500e+01 9.914107e-01
3.953125e+01 9.913802e-01
3.968750e+01 9.913489e-01
3.984375e+01 9.913111e-01
4.000000e+01 9.912759e-01
4.015625e+01 9.912347e-01
4.031250e+01 9.911978e-01
4.046875e+01 9.911619e-01
4.062500e+01 9.911259e-01
4.078125e+01 9.910923e-01
4.093750e+01 9.910496e-01
4.109375e+01 9.910135e-01
4.125000e+01 9.909813e-01
4.140625e+01 9.909521e-01
4.156250e+01 9.909111e-01
4.171875e+01 9.908775e-01
4.187500e+01 9.908443e-01
4.203125e+01 9.907982e-01
4.218750e+01 9.907700e-01
4.234375e+01 9.907377e-01
4.250000e+01 9.907042e-01
4.265625e+01 9.906742e-01
4.281250e+01 9.906439e-01
4.296875e+01 9.906069e-01
4.312500e+01 9.905674e-01
4.328125e+01 9.905305e-01
4.343750e+01 9.904919e-01
4.359375e+01 9.904386e-01
4.375000e+01 9.903925e-01
4.390625e+01 9.903501e-01
4.406250e+01 9.903168e-01
4.421875e+01 9.902832e-01
4.437500e+01 9.902444e-01
4.453125e+01 9.902050e-01
4.468750e+01 9.901642e-01
4.484375e+01 9.901312e-01
4.500000e+01 9.900965e-01
4.515625e+01 9.900600e-01
4.531250e+01 9.900218e-01
4.546875e+01 9.899876e-01
4.562500e+01 9.899533e-01
4.578125e+01 9.899156e-01
4.593750e+01 9.898767e-01
4.609375e+01 9.898300e-01
4.625000e+01 9.897939e-01
4.640625e+01 9.897590e-01
4.656250e+01 9.897200e-01
4.671875e+01 9.896837e-01
4.687500e+01 9.896490e-01
4.703125e+01 9.896147e-01
4.718750e+01 9.895732e-01
4.734375e+01 9.895395e-01
4.750000e+01 9.894996e-01
4.765625e+01 9.894640e-01
4.781250e+01 9.894293e-01
4.796875e+01 9.893949e-01
4.812500e+01 9.893511e-01
4.828125e+01 9.893139e-01
4.843750e+01 9.892803e-01
4.859375e+01 9.892459e-01
4.875000e+01 9.892050e-01
4.890625e+01 9.891621e-01
4.906250e+01 9.891248e-01
4.921875e+01 9.890853e-01
4.937500e+01 9.890479e-01
4.953125e+01 9.890137e-01
4.968750e+01 9.889631e-01
4.984375e+01 9.889261e-01
5.000000e+01 9.888937e-01
5.015625e+01 9.888618e-01
5.031250e+01 9.888303e-01
5.046875e+01 9.887966e-01
5.062500e+01 9.887653e-01
5.078125e+01 9.887340e-01
5.093750e+01 9.886958e-01
5.109375e+01 9.886634e-01
5.125000e+01 9.886316e-01
5.140625e+01 9.885992e-01
5.156250e+01 9.885639e-01
5.171875e+01 9.885299e-01
5.187500e+01 9.884940e-01
5.203125e+01 9.884396e-01
5.218750e+01 9.884045e-01
5.234375e+01 9.883749e-01
5.250000e+01 9.883411e-01
5.265625e+01 9.883086e-01
5.281250e+01 9.882758e-01
5.296875e+01 9.882467e-01
5.312500e+01 9.882172e-01
5.328125e+01 9.881872e-01
5.343750e+01 9.881615e-01
5.359375e+01 9.881270e-01
5.375000e+01 9.880926e-01
5.390625e+01 9.880586e-01
5.406250e+01 9.880211e-01
5.421875e+01 9.879893e-01
5.437500e+01 9.879547e-01
5.453125e+01 9.879182e-01
5.468750e+01 9.878798e-01
5.484375e+01 9.878507e-01
5.500000e+01 9.878203e-01
5.515625e+01 9.877913e-01
5.531250e+01 9.877585e-01
5.546875e+01 9.877236e-01
5.562500e+01 9.876855e-01
5.578125e+01 9.876469e-01
5.593750e+01 9.876146e-01
5.609375e+01 9.875875e-01
5.625000e+01 9.875589e-01
5.640625e+01 9.875266e-01
5.656250e+01 9.874957e-01
5.671875e+01 9.874632e-01
5.687500e+01 9.874343e-01
5.703125e+01 9.874038e-01
5.718750e+01 9.873672e-01
5.734375e+01 9.873376e-01
5.750000e+01 9.873039e-01
5.765625e+01 9.872625e-01
5.781250e+01 9.872276e-01
5.796875e+01 9.871885e-01
5.812500e+01 9.871486e-01
5.828125e+01 9.871155e-01
5.843750e+01 9.870790e-01
5.859375e+01 9.870348e-01
5.875000e+01 9.870039e-01
5.890625e+01 9.869754e-01
5.906250e+01 9.869482e-01
5.921875e+01 9.869192e-01
5.937500e+01 9.868769e-01
5.953125e+01 9.868482e-01
5.968750e+01 9.868242e-01
5.984375e+01 9.868004e-01
6.000000e+01 9.867633e-01
6.015625e+01 9.867292e-01
6.031250e+01 9.866948e-01
6.046875e+01 9.866650e-01
6.062500e+01 9.866346e-01
6.078125e+01 9.866043e-01
6.093750e+01 9.865627e-01
6.109375e+01 9.865311e-01
6.125000e+01 9.864980e-01
6.140625e+01 9.864662e-01
6.156250e+01 9.864345e-01
6.171875e+01 9.864015e-01
6.187500e+01 9.863697e-01
6.203125e+01 9.863355e-01
6.218750e+01 9.862967e-01
6.234375e+01 9.862645e-01
6.250000e+01 9.862323e-01
6.265625e+01 9.861990e-01
6.281250e+01 9.861681e-01
6.296875e+01 9.861345e-01
6.312500e+01 9.861033e-01
6.328125e+01 9.860322e-01
6.343750e+01 9.859951e-01
6.359375e+01 9.859621e-01
6.375000e+01 9.859297e-01
6.390625e+01 9.858985e-01
6.406250e+01 9.858700e-01
6.421875e+01 9.858411e-01
6.437500e+01 9.858156e-01
6.453125e+01 9.857881e-01
6.468750e+01 9.857651e-01
6.484375e+01 9.857391e-01
6.500000e+01 9.857109e-01
6.515625e+01 9.856832e-01
6.531250e+01 9.856510e-01
6.546875e+01 9.856240e-01
6.562500e+01 9.855924e-01
6.578125e+01 9.855145e-01
6.593750e+01 9.854857e-01
6.609375e+01 9.854579e-01
6.625000e+01 9.854300e-01
6.640625e+01 9.854002e-01
6.656250e+01 9.853736e-01
6.671875e+01 9.853408e-01
6.687500e+01 9.853117e-01
6.703125e+01 9.852822e-01
6.718750e+01 9.852405e-01
6.734375e+01 9.852099e-01
6.750000e+01 9.851821e-01
6.765625e+01 9.851538e-01
6.781250e+01 9.851259e-01
6.796875e+01 9.850997e-01
6.812500e+01 9.850730e-01
6.828125e+01 9.850417e-01
6.843750e+01 9.850108e-01
6.859375e+01 9.849813e-01
6.875000e+01 9.849563e-01
6.890625e+01 9.849232e-01
6.906250e+01 9.848940e-01
6.921875e+01 9.848640e-01
6.937500e+01 9.848334e-01
6.953125e+01 9.848021e-01
6.968750e+01 9.847743e-01
6.984375e+01 9.847431e-01
7.000000e+01 9.847095e-01
7.015625e+01 9.846796e-01
7.031250e+01 9.846469e-01
7.046875e+01 9.846166e-01
7.062500e+01 9.845788e-01
7.078125e+01 9.845418e-01
7.093750e+01 9.844824e-01
7.109375e+01 9.844502e-01
7.125000e+01 9.844175e-01
7.140625e+01 9.843752e-01
7.156250e+01 9.843384e-01
7.171875e+01 9.843049e-01
7.187500e+01 9.842653e-01
7.203125e+01 9.842279e-01
7.218750e+01 9.841870e-01
7.234375e+01 9.841526e-01
7.250000e+01 9.841176e-01
7.265625e+01 9.840657e-01
7.281250e+01 9.840244e-01
7.296875e+01 9.839856e-01
7.312500e+01 9.839525e-01
7.328125e+01 9.839176e-01
7.343750e+01 9.838823e-01
7.359375e+01 9.838469e-01
7.375000e+01 9.838095e-01
7.390625e+01 9.837735e-01
7.406250e+01 9.837376e-01
7.421875e+01 9.836996e-01
7.437500e+01 9.836712e-01
7.453125e+01 9.836351e-01
7.468750e+01 9.836006e-01
7.484375e+01 9.835607e-01
7.500000e+01 9.835262e-01
7.515625e+01 9.834924e-01
7.531250e+01 9.834573e-01
7.546875e+01 9.834206e-01
7.562500e+01 9.833695e-01
7.578125e+01 9.833282e-01
7.593750e+01 9.832959e-01
7.609375e+01 9.832596e-01
7.625000e+01 9.832200e-01
7.640625e+01 9.831856e-01
7.656250e+01 9.831488e-01
7.671875e+01 9.831145e-01
7.687500e+01 9.830838e-01
7.703125e+01 9.830455e-01
7.718750e+01 9.830063e-01
7.734375e+01 9.829698e-01
7.750000e+01 9.829358e-01
7.765625e+01 9.828998e-01
7.781250e+01 9.828662e-01
7.796875e+01 9.828318e-01
7.812500e+01 9.827928e-01
7.828125e+01 9.827519e-01
7.843750e+01 9.827172e-01
7.859375e+01 9.826861e-01
7.875000e+01 9.826515e-01
7.890625e+01 9.826212e-01
7.906250e+01 9.825910e-01
7.921875e+01 9.825563e-01
7.937500e+01 9.825187e-01
7.953125e+01 9.824810e-01
7.968750e+01 9.824370e-01
7.984375e+01 9.824069e-01
