# x[h^-1_cMpc]  F_mean
0.000000e+00 7.610506e-01
1.562500e-01 7.341359e-01
3.125000e-01 7.217999e-01
4.687500e-01 7.148863e-01
6.250000e-01 7.105732e-01
7.812500e-01 7.069469e-01
9.375000e-01 7.036778e-01
1.093750e+00 6.979902e-01
1.250000e+00 6.867126e-01
1.406250e+00 6.760099e-01
1.562500e+00 6.662890e-01
1.718750e+00 6.589637e-01
1.875000e+00 6.504726e-01
2.031250e+00 6.419345e-01
2.187500e+00 6.363068e-01
2.343750e+00 6.293726e-01
2.500000e+00 6.211570e-01
2.656250e+00 6.112614e-01
2.812500e+00 6.033966e-01
2.968750e+00 5.952944e-01
3.125000e+00 5.851531e-01
3.281250e+00 5.742935e-01
3.437500e+00 5.661051e-01
3.593750e+00 5.587308e-01
3.750000e+00 5.495646e-01
3.906250e+00 5.411655e-01
4.062500e+00 5.349151e-01
4.218750e+00 5.286187e-01
4.375000e+00 5.205417e-01
4.531250e+00 5.130104e-01
4.687500e+00 5.071049e-01
4.843750e+00 5.012678e-01
5.000000e+00 4.941462e-01
5.156250e+00 4.875683e-01
5.312500e+00 4.813287e-01
5.468750e+00 4.738276e-01
5.625000e+00 4.659118e-01
5.781250e+00 4.610817e-01
5.937500e+00 4.557568e-01
6.093750e+00 4.509180e-01
6.250000e+00 4.456902e-01
6.406250e+00 4.400865e-01
6.562500e+00 4.364416e-01
6.718750e+00 4.325187e-01
6.875000e+00 4.259369e-01
7.031250e+00 4.206996e-01
7.187500e+00 4.168271e-01
7.343750e+00 4.127893e-01
7.500000e+00 4.058158e-01
7.656250e+00 4.010076e-01
7.812500e+00 3.971782e-01
7.968750e+00 3.932259e-01
8.125000e+00 3.887359e-01
8.281250e+00 3.832673e-01
8.437500e+00 3.786064e-01
8.593750e+00 3.741522e-01
8.750000e+00 3.693780e-01
8.906250e+00 3.656638e-01
9.062500e+00 3.614507e-01
9.218750e+00 3.574019e-01
9.375000e+00 3.534217e-01
9.531250e+00 3.480850e-01
9.687500e+00 3.430227e-01
9.843750e+00 3.377815e-01
1.000000e+01 3.325719e-01
1.015625e+01 3.286070e-01
1.031250e+01 3.247379e-01
1.046875e+01 3.203915e-01
1.062500e+01 3.157995e-01
1.078125e+01 3.119756e-01
1.093750e+01 3.075161e-01
1.109375e+01 3.025073e-01
1.125000e+01 2.974512e-01
1.140625e+01 2.937537e-01
1.156250e+01 2.907309e-01
1.171875e+01 2.874111e-01
1.187500e+01 2.846090e-01
1.203125e+01 2.820365e-01
1.218750e+01 2.799354e-01
1.234375e+01 2.765566e-01
1.250000e+01 2.719404e-01
1.265625e+01 2.676214e-01
1.281250e+01 2.634453e-01
1.296875e+01 2.595734e-01
1.312500e+01 2.556061e-01
1.328125e+01 2.515364e-01
1.343750e+01 2.486331e-01
1.359375e+01 2.450715e-01
1.375000e+01 2.407399e-01
1.390625e+01 2.380601e-01
1.406250e+01 2.361954e-01
1.421875e+01 2.335602e-01
1.437500e+01 2.298320e-01
1.453125e+01 2.270141e-01
1.468750e+01 2.243618e-01
1.484375e+01 2.211674e-01
1.500000e+01 2.176640e-01
1.515625e+01 2.139847e-01
1.531250e+01 2.114225e-01
1.546875e+01 2.089241e-01
1.562500e+01 2.068421e-01
1.578125e+01 2.043392e-01
1.593750e+01 2.019318e-01
1.609375e+01 1.997759e-01
1.625000e+01 1.971448e-01
1.640625e+01 1.949324e-01
1.656250e+01 1.931667e-01
1.671875e+01 1.918168e-01
1.687500e+01 1.900365e-01
1.703125e+01 1.879312e-01
1.718750e+01 1.859477e-01
1.734375e+01 1.844424e-01
1.750000e+01 1.827858e-01
1.765625e+01 1.815568e-01
1.781250e+01 1.802994e-01
1.796875e+01 1.788796e-01
1.812500e+01 1.774787e-01
1.828125e+01 1.748367e-01
1.843750e+01 1.733763e-01
1.859375e+01 1.716867e-01
1.875000e+01 1.698508e-01
1.890625e+01 1.678851e-01
1.906250e+01 1.658868e-01
1.921875e+01 1.640578e-01
1.937500e+01 1.624367e-01
1.953125e+01 1.609645e-01
1.968750e+01 1.597391e-01
1.984375e+01 1.589303e-01
2.000000e+01 1.579219e-01
2.015625e+01 1.568604e-01
2.031250e+01 1.558459e-01
2.046875e+01 1.552524e-01
2.062500e+01 1.546065e-01
2.078125e+01 1.537599e-01
2.093750e+01 1.524677e-01
2.109375e+01 1.516514e-01
2.125000e+01 1.503186e-01
2.140625e+01 1.486639e-01
2.156250e+01 1.469133e-01
2.171875e+01 1.458799e-01
2.187500e+01 1.440637e-01
2.203125e+01 1.424769e-01
2.218750e+01 1.401791e-01
2.234375e+01 1.385388e-01
2.250000e+01 1.363553e-01
2.265625e+01 1.346499e-01
2.281250e+01 1.327903e-01
2.296875e+01 1.312871e-01
2.312500e+01 1.296759e-01
2.328125e+01 1.276365e-01
2.343750e+01 1.252384e-01
2.359375e+01 1.232159e-01
2.375000e+01 1.211897e-01
2.390625e+01 1.188411e-01
2.406250e+01 1.177199e-01
2.421875e+01 1.165180e-01
2.437500e+01 1.149220e-01
2.453125e+01 1.137270e-01
2.468750e+01 1.118910e-01
2.484375e+01 1.105323e-01
2.500000e+01 1.093048e-01
2.515625e+01 1.081953e-01
2.531250e+01 1.073288e-01
2.546875e+01 1.065751e-01
2.562500e+01 1.058956e-01
2.578125e+01 1.052097e-01
2.593750e+01 1.044657e-01
2.609375e+01 1.036111e-01
2.625000e+01 1.026216e-01
2.640625e+01 1.010460e-01
2.656250e+01 9.915105e-02
2.671875e+01 9.771863e-02
2.687500e+01 9.661351e-02
2.703125e+01 9.514407e-02
2.718750e+01 9.333062e-02
2.734375e+01 9.143789e-02
2.750000e+01 8.972121e-02
2.765625e+01 8.842044e-02
2.781250e+01 8.764761e-02
2.796875e+01 8.655757e-02
2.812500e+01 8.568323e-02
2.828125e+01 8.420097e-02
2.843750e+01 8.307626e-02
2.859375e+01 8.190161e-02
2.875000e+01 8.084654e-02
2.890625e+01 7.918417e-02
2.906250e+01 7.830782e-02
2.921875e+01 7.704277e-02
2.937500e+01 7.563774e-02
2.953125e+01 7.414580e-02
2.968750e+01 7.271619e-02
2.984375e+01 7.174681e-02
3.000000e+01 7.105650e-02
3.015625e+01 7.047388e-02
3.031250e+01 6.969479e-02
3.046875e+01 6.905614e-02
3.062500e+01 6.846899e-02
3.078125e+01 6.775142e-02
3.093750e+01 6.666511e-02
3.109375e+01 6.583505e-02
3.125000e+01 6.511484e-02
3.140625e+01 6.466300e-02
3.156250e+01 6.405749e-02
3.171875e+01 6.372872e-02
3.187500e+01 6.233671e-02
3.203125e+01 6.127337e-02
3.218750e+01 6.033861e-02
3.234375e+01 5.954690e-02
3.250000e+01 5.887262e-02
3.265625e+01 5.802642e-02
3.281250e+01 5.752852e-02
3.296875e+01 5.697195e-02
3.312500e+01 5.651202e-02
3.328125e+01 5.604029e-02
3.343750e+01 5.544334e-02
3.359375e+01 5.512719e-02
3.375000e+01 5.474361e-02
3.390625e+01 5.402591e-02
3.406250e+01 5.339284e-02
3.421875e+01 5.266370e-02
3.437500e+01 5.221452e-02
3.453125e+01 5.157260e-02
3.468750e+01 5.112223e-02
3.484375e+01 5.055039e-02
3.500000e+01 4.995986e-02
3.515625e+01 4.943720e-02
3.531250e+01 4.884337e-02
3.546875e+01 4.840872e-02
3.562500e+01 4.806126e-02
3.578125e+01 4.762105e-02
3.593750e+01 4.715111e-02
3.609375e+01 4.680851e-02
3.625000e+01 4.617345e-02
3.640625e+01 4.523162e-02
3.656250e+01 4.470496e-02
3.671875e+01 4.449716e-02
3.687500e+01 4.411989e-02
3.703125e+01 4.389594e-02
3.718750e+01 4.340359e-02
3.734375e+01 4.304120e-02
3.750000e+01 4.281151e-02
3.765625e+01 4.237896e-02
3.781250e+01 4.190353e-02
3.796875e+01 4.140929e-02
3.812500e+01 4.110456e-02
3.828125e+01 4.088863e-02
3.843750e+01 4.073295e-02
3.859375e+01 4.021456e-02
3.875000e+01 4.006531e-02
3.890625e+01 3.993143e-02
3.906250e+01 3.981109e-02
3.921875e+01 3.933709e-02
3.937500e+01 3.868121e-02
3.953125e+01 3.848521e-02
3.968750e+01 3.797254e-02
3.984375e+01 3.764808e-02
4.000000e+01 3.660148e-02
4.015625e+01 3.615637e-02
4.031250e+01 3.569760e-02
4.046875e+01 3.520282e-02
4.062500e+01 3.461711e-02
4.078125e+01 3.386836e-02
4.093750e+01 3.337093e-02
4.109375e+01 3.291005e-02
4.125000e+01 3.205209e-02
4.140625e+01 3.170182e-02
4.156250e+01 3.146571e-02
4.171875e+01 3.116828e-02
4.187500e+01 3.071153e-02
4.203125e+01 3.021795e-02
4.218750e+01 2.953750e-02
4.234375e+01 2.856984e-02
4.250000e+01 2.804657e-02
4.265625e+01 2.781121e-02
4.281250e+01 2.769794e-02
4.296875e+01 2.735957e-02
4.312500e+01 2.696195e-02
4.328125e+01 2.670841e-02
4.343750e+01 2.613128e-02
4.359375e+01 2.573675e-02
4.375000e+01 2.543297e-02
4.390625e+01 2.516529e-02
4.406250e+01 2.478523e-02
4.421875e+01 2.464333e-02
4.437500e+01 2.430643e-02
4.453125e+01 2.347322e-02
4.468750e+01 2.252689e-02
4.484375e+01 2.164395e-02
4.500000e+01 2.102151e-02
4.515625e+01 2.024119e-02
4.531250e+01 1.969075e-02
4.546875e+01 1.932780e-02
4.562500e+01 1.887959e-02
4.578125e+01 1.858461e-02
4.593750e+01 1.845493e-02
4.609375e+01 1.834575e-02
4.625000e+01 1.808887e-02
4.640625e+01 1.790316e-02
4.656250e+01 1.765033e-02
4.671875e+01 1.739834e-02
4.687500e+01 1.706714e-02
4.703125e+01 1.682082e-02
4.718750e+01 1.651952e-02
4.734375e+01 1.624969e-02
4.750000e+01 1.604839e-02
4.765625e+01 1.581976e-02
4.781250e+01 1.530837e-02
4.796875e+01 1.492972e-02
4.812500e+01 1.466714e-02
4.828125e+01 1.441430e-02
4.843750e+01 1.421700e-02
4.859375e+01 1.390285e-02
4.875000e+01 1.361190e-02
4.890625e+01 1.332517e-02
4.906250e+01 1.286313e-02
4.921875e+01 1.243716e-02
4.937500e+01 1.208348e-02
4.953125e+01 1.199148e-02
4.968750e+01 1.183833e-02
4.984375e+01 1.174645e-02
5.000000e+01 1.163843e-02
5.015625e+01 1.147338e-02
5.031250e+01 1.116015e-02
5.046875e+01 1.108970e-02
5.062500e+01 1.104952e-02
5.078125e+01 1.102294e-02
5.093750e+01 1.098782e-02
5.109375e+01 1.095534e-02
5.125000e+01 1.081891e-02
5.140625e+01 1.075862e-02
5.156250e+01 1.064398e-02
5.171875e+01 1.056844e-02
5.187500e+01 1.052595e-02
5.203125e+01 1.047981e-02
5.218750e+01 1.045756e-02
5.234375e+01 1.039470e-02
5.250000e+01 1.023431e-02
5.265625e+01 1.000450e-02
5.281250e+01 9.846838e-03
5.296875e+01 9.739626e-03
5.312500e+01 9.573837e-03
5.328125e+01 9.368486e-03
5.343750e+01 9.286196e-03
5.359375e+01 9.111474e-03
5.375000e+01 8.814391e-03
5.390625e+01 8.702228e-03
5.406250e+01 8.647213e-03
5.421875e+01 8.531332e-03
5.437500e+01 8.456057e-03
5.453125e+01 8.350426e-03
5.468750e+01 8.136403e-03
5.484375e+01 8.062218e-03
5.500000e+01 7.996158e-03
5.515625e+01 7.937339e-03
5.531250e+01 7.881693e-03
5.546875e+01 7.764540e-03
5.562500e+01 7.635600e-03
5.578125e+01 7.530817e-03
5.593750e+01 7.482753e-03
5.609375e+01 7.413491e-03
5.625000e+01 6.994390e-03
5.640625e+01 6.820543e-03
5.656250e+01 6.748708e-03
5.671875e+01 6.695499e-03
5.687500e+01 6.625710e-03
5.703125e+01 6.569040e-03
5.718750e+01 6.481021e-03
5.734375e+01 6.445682e-03
5.750000e+01 6.428935e-03
5.765625e+01 6.261628e-03
5.781250e+01 5.908731e-03
5.796875e+01 5.588495e-03
5.812500e+01 5.476646e-03
5.828125e+01 5.404199e-03
5.843750e+01 5.365516e-03
5.859375e+01 5.342915e-03
5.875000e+01 5.322151e-03
5.890625e+01 5.298168e-03
5.906250e+01 5.262908e-03
5.921875e+01 5.077001e-03
5.937500e+01 5.039727e-03
5.953125e+01 5.028650e-03
5.968750e+01 5.009377e-03
5.984375e+01 4.967322e-03
6.000000e+01 4.794581e-03
6.015625e+01 4.657985e-03
6.031250e+01 4.568881e-03
6.046875e+01 4.500392e-03
6.062500e+01 4.446739e-03
6.078125e+01 4.420445e-03
6.093750e+01 4.348350e-03
6.109375e+01 4.331179e-03
6.125000e+01 4.316229e-03
6.140625e+01 4.264081e-03
6.156250e+01 4.196220e-03
6.171875e+01 4.149390e-03
6.187500e+01 4.045755e-03
6.203125e+01 3.986126e-03
6.218750e+01 3.935218e-03
6.234375e+01 3.919089e-03
6.250000e+01 3.906376e-03
6.265625e+01 3.900595e-03
6.281250e+01 3.893938e-03
6.296875e+01 3.889184e-03
6.312500e+01 3.884322e-03
6.328125e+01 3.880847e-03
6.343750e+01 3.871487e-03
6.359375e+01 3.822067e-03
6.375000e+01 3.817425e-03
6.390625e+01 3.814396e-03
6.406250e+01 3.810495e-03
6.421875e+01 3.799880e-03
6.437500e+01 3.779501e-03
6.453125e+01 3.732486e-03
6.468750e+01 3.721608e-03
6.484375e+01 3.713579e-03
6.500000e+01 3.704326e-03
6.515625e+01 3.403180e-03
6.531250e+01 3.332950e-03
6.546875e+01 3.294412e-03
6.562500e+01 3.250889e-03
6.578125e+01 3.214630e-03
6.593750e+01 3.020527e-03
6.609375e+01 2.937899e-03
6.625000e+01 2.819067e-03
6.640625e+01 2.723819e-03
6.656250e+01 2.674793e-03
6.671875e+01 2.650117e-03
6.687500e+01 2.618398e-03
6.703125e+01 2.606483e-03
6.718750e+01 2.602821e-03
6.734375e+01 2.596258e-03
6.750000e+01 2.589633e-03
6.765625e+01 2.586322e-03
6.781250e+01 2.578769e-03
6.796875e+01 2.556291e-03
6.812500e+01 2.540709e-03
6.828125e+01 2.533390e-03
6.843750e+01 2.529865e-03
6.859375e+01 2.525992e-03
6.875000e+01 2.521405e-03
6.890625e+01 2.517588e-03
6.906250e+01 2.514390e-03
6.921875e+01 2.507478e-03
6.937500e+01 2.500223e-03
6.953125e+01 2.495777e-03
6.968750e+01 2.447789e-03
6.984375e+01 2.444232e-03
7.000000e+01 2.440546e-03
7.015625e+01 2.433203e-03
7.031250e+01 2.429959e-03
7.046875e+01 2.427060e-03
7.062500e+01 2.418126e-03
7.078125e+01 2.414781e-03
7.093750e+01 2.412768e-03
7.109375e+01 2.411556e-03
7.125000e+01 2.410625e-03
7.140625e+01 2.409994e-03
7.156250e+01 2.408963e-03
7.171875e+01 2.407528e-03
7.187500e+01 2.405763e-03
7.203125e+01 2.402709e-03
7.218750e+01 2.399383e-03
7.234375e+01 2.397832e-03
7.250000e+01 2.396080e-03
7.265625e+01 2.394963e-03
7.281250e+01 2.392706e-03
7.296875e+01 2.392171e-03
7.312500e+01 2.391522e-03
7.328125e+01 2.389606e-03
7.343750e+01 2.386200e-03
7.359375e+01 2.385025e-03
7.375000e+01 2.373506e-03
7.390625e+01 2.370411e-03
7.406250e+01 2.368573e-03
7.421875e+01 2.365832e-03
7.437500e+01 2.364323e-03
7.453125e+01 2.360145e-03
7.468750e+01 2.358708e-03
7.484375e+01 2.357676e-03
7.500000e+01 2.356907e-03
7.515625e+01 2.356260e-03
7.531250e+01 2.355835e-03
7.546875e+01 2.353584e-03
7.562500e+01 2.352776e-03
7.578125e+01 2.352110e-03
7.593750e+01 2.351294e-03
7.609375e+01 2.350837e-03
7.625000e+01 2.350314e-03
7.640625e+01 2.349886e-03
7.656250e+01 2.346865e-03
7.671875e+01 2.346098e-03
7.687500e+01 2.345256e-03
7.703125e+01 2.344652e-03
7.718750e+01 2.344192e-03
7.734375e+01 2.343670e-03
7.750000e+01 2.342730e-03
7.765625e+01 2.342276e-03
7.781250e+01 2.341446e-03
7.796875e+01 2.340313e-03
7.812500e+01 2.338570e-03
7.828125e+01 2.333031e-03
7.843750e+01 2.238505e-03
7.859375e+01 2.194885e-03
7.875000e+01 2.150431e-03
7.890625e+01 2.099175e-03
7.906250e+01 2.046604e-03
7.921875e+01 2.012407e-03
7.937500e+01 1.995730e-03
7.953125e+01 1.984686e-03
7.968750e+01 1.979582e-03
7.984375e+01 1.976340e-03
