# x[h^-1_cMpc]  F_mean
0.000000e+00 8.028636e-01
1.562500e-01 7.793727e-01
3.125000e-01 7.692398e-01
4.687500e-01 7.634263e-01
6.250000e-01 7.591541e-01
7.812500e-01 7.563858e-01
9.375000e-01 7.522942e-01
1.093750e+00 7.467389e-01
1.250000e+00 7.372189e-01
1.406250e+00 7.281189e-01
1.562500e+00 7.212012e-01
1.718750e+00 7.143820e-01
1.875000e+00 7.077826e-01
2.031250e+00 6.996585e-01
2.187500e+00 6.935100e-01
2.343750e+00 6.883899e-01
2.500000e+00 6.804095e-01
2.656250e+00 6.713588e-01
2.812500e+00 6.648701e-01
2.968750e+00 6.577523e-01
3.125000e+00 6.504151e-01
3.281250e+00 6.409697e-01
3.437500e+00 6.309233e-01
3.593750e+00 6.241870e-01
3.750000e+00 6.159203e-01
3.906250e+00 6.067920e-01
4.062500e+00 5.988414e-01
4.218750e+00 5.925396e-01
4.375000e+00 5.828449e-01
4.531250e+00 5.740641e-01
4.687500e+00 5.668341e-01
4.843750e+00 5.611158e-01
5.000000e+00 5.543733e-01
5.156250e+00 5.476127e-01
5.312500e+00 5.413993e-01
5.468750e+00 5.344220e-01
5.625000e+00 5.271763e-01
5.781250e+00 5.193436e-01
5.937500e+00 5.124257e-01
6.093750e+00 5.079451e-01
6.250000e+00 5.027695e-01
6.406250e+00 4.988522e-01
6.562500e+00 4.946309e-01
6.718750e+00 4.898327e-01
6.875000e+00 4.848932e-01
7.031250e+00 4.774461e-01
7.187500e+00 4.719985e-01
7.343750e+00 4.677433e-01
7.500000e+00 4.607501e-01
7.656250e+00 4.553537e-01
7.812500e+00 4.514735e-01
7.968750e+00 4.475954e-01
8.125000e+00 4.426134e-01
8.281250e+00 4.367826e-01
8.437500e+00 4.318829e-01
8.593750e+00 4.280094e-01
8.750000e+00 4.239962e-01
8.906250e+00 4.201406e-01
9.062500e+00 4.170836e-01
9.218750e+00 4.134200e-01
9.375000e+00 4.102200e-01
9.531250e+00 4.073104e-01
9.687500e+00 4.044676e-01
9.843750e+00 4.015573e-01
1.000000e+01 3.983823e-01
1.015625e+01 3.953876e-01
1.031250e+01 3.923853e-01
1.046875e+01 3.893273e-01
1.062500e+01 3.852196e-01
1.078125e+01 3.803482e-01
1.093750e+01 3.772387e-01
1.109375e+01 3.742897e-01
1.125000e+01 3.719649e-01
1.140625e+01 3.686420e-01
1.156250e+01 3.664576e-01
1.171875e+01 3.638459e-01
1.187500e+01 3.605004e-01
1.203125e+01 3.579195e-01
1.218750e+01 3.548603e-01
1.234375e+01 3.519670e-01
1.250000e+01 3.487550e-01
1.265625e+01 3.442125e-01
1.281250e+01 3.415260e-01
1.296875e+01 3.393427e-01
1.312500e+01 3.352202e-01
1.328125e+01 3.322383e-01
1.343750e+01 3.280380e-01
1.359375e+01 3.253742e-01
1.375000e+01 3.215477e-01
1.390625e+01 3.176013e-01
1.406250e+01 3.140867e-01
1.421875e+01 3.109692e-01
1.437500e+01 3.077839e-01
1.453125e+01 3.042772e-01
1.468750e+01 3.004742e-01
1.484375e+01 2.967878e-01
1.500000e+01 2.930105e-01
1.515625e+01 2.893527e-01
1.531250e+01 2.855091e-01
1.546875e+01 2.826942e-01
1.562500e+01 2.792422e-01
1.578125e+01 2.768729e-01
1.593750e+01 2.736707e-01
1.609375e+01 2.704688e-01
1.625000e+01 2.673626e-01
1.640625e+01 2.644926e-01
1.656250e+01 2.621671e-01
1.671875e+01 2.597034e-01
1.687500e+01 2.571197e-01
1.703125e+01 2.544044e-01
1.718750e+01 2.522421e-01
1.734375e+01 2.508114e-01
1.750000e+01 2.488478e-01
1.765625e+01 2.474655e-01
1.781250e+01 2.455641e-01
1.796875e+01 2.444292e-01
1.812500e+01 2.428989e-01
1.828125e+01 2.409989e-01
1.843750e+01 2.393099e-01
1.859375e+01 2.380797e-01
1.875000e+01 2.351611e-01
1.890625e+01 2.326343e-01
1.906250e+01 2.300047e-01
1.921875e+01 2.276651e-01
1.937500e+01 2.236872e-01
1.953125e+01 2.209134e-01
1.968750e+01 2.193721e-01
1.984375e+01 2.182087e-01
2.000000e+01 2.170391e-01
2.015625e+01 2.155120e-01
2.031250e+01 2.142262e-01
2.046875e+01 2.131645e-01
2.062500e+01 2.119027e-01
2.078125e+01 2.103238e-01
2.093750e+01 2.086901e-01
2.109375e+01 2.074042e-01
2.125000e+01 2.054399e-01
2.140625e+01 2.033981e-01
2.156250e+01 2.014082e-01
2.171875e+01 1.990432e-01
2.187500e+01 1.963815e-01
2.203125e+01 1.937231e-01
2.218750e+01 1.913856e-01
2.234375e+01 1.895846e-01
2.250000e+01 1.876967e-01
2.265625e+01 1.860545e-01
2.281250e+01 1.844458e-01
2.296875e+01 1.824901e-01
2.312500e+01 1.809624e-01
2.328125e+01 1.786309e-01
2.343750e+01 1.769636e-01
2.359375e+01 1.752255e-01
2.375000e+01 1.736360e-01
2.390625e+01 1.725010e-01
2.406250e+01 1.714795e-01
2.421875e+01 1.689657e-01
2.437500e+01 1.669556e-01
2.453125e+01 1.648719e-01
2.468750e+01 1.631978e-01
2.484375e+01 1.619854e-01
2.500000e+01 1.605138e-01
2.515625e+01 1.596504e-01
2.531250e+01 1.589455e-01
2.546875e+01 1.577190e-01
2.562500e+01 1.562612e-01
2.578125e+01 1.544337e-01
2.593750e+01 1.530090e-01
2.609375e+01 1.519068e-01
2.625000e+01 1.504826e-01
2.640625e+01 1.489254e-01
2.656250e+01 1.476048e-01
2.671875e+01 1.460814e-01
2.687500e+01 1.441255e-01
2.703125e+01 1.422995e-01
2.718750e+01 1.403304e-01
2.734375e+01 1.389092e-01
2.750000e+01 1.370730e-01
2.765625e+01 1.337158e-01
2.781250e+01 1.323609e-01
2.796875e+01 1.310902e-01
2.812500e+01 1.296557e-01
2.828125e+01 1.276926e-01
2.843750e+01 1.254040e-01
2.859375e+01 1.234761e-01
2.875000e+01 1.216278e-01
2.890625e+01 1.197175e-01
2.906250e+01 1.180612e-01
2.921875e+01 1.170761e-01
2.937500e+01 1.156661e-01
2.953125e+01 1.122221e-01
2.968750e+01 1.098101e-01
2.984375e+01 1.080491e-01
3.000000e+01 1.065974e-01
3.015625e+01 1.053479e-01
3.031250e+01 1.043959e-01
3.046875e+01 1.040682e-01
3.062500e+01 1.035126e-01
3.078125e+01 1.027278e-01
3.093750e+01 1.017258e-01
3.109375e+01 1.006205e-01
3.125000e+01 9.979033e-02
3.140625e+01 9.894641e-02
3.156250e+01 9.770155e-02
3.171875e+01 9.699579e-02
3.187500e+01 9.585368e-02
3.203125e+01 9.483649e-02
3.218750e+01 9.364363e-02
3.234375e+01 9.291052e-02
3.250000e+01 9.164727e-02
3.265625e+01 8.994885e-02
3.281250e+01 8.825921e-02
3.296875e+01 8.761298e-02
3.312500e+01 8.676715e-02
3.328125e+01 8.603232e-02
3.343750e+01 8.520925e-02
3.359375e+01 8.421047e-02
3.375000e+01 8.358426e-02
3.390625e+01 8.250577e-02
3.406250e+01 8.175930e-02
3.421875e+01 8.093608e-02
3.437500e+01 7.970786e-02
3.453125e+01 7.844738e-02
3.468750e+01 7.730403e-02
3.484375e+01 7.647595e-02
3.500000e+01 7.591651e-02
3.515625e+01 7.525786e-02
3.531250e+01 7.444546e-02
3.546875e+01 7.377774e-02
3.562500e+01 7.304253e-02
3.578125e+01 7.212992e-02
3.593750e+01 7.105400e-02
3.609375e+01 7.024888e-02
3.625000e+01 6.918395e-02
3.640625e+01 6.822457e-02
3.656250e+01 6.761579e-02
3.671875e+01 6.705870e-02
3.687500e+01 6.613552e-02
3.703125e+01 6.466476e-02
3.718750e+01 6.282856e-02
3.734375e+01 6.198611e-02
3.750000e+01 6.121639e-02
3.765625e+01 6.039694e-02
3.781250e+01 5.993399e-02
3.796875e+01 5.957132e-02
3.812500e+01 5.924075e-02
3.828125e+01 5.874877e-02
3.843750e+01 5.845476e-02
3.859375e+01 5.812160e-02
3.875000e+01 5.759465e-02
3.890625e+01 5.720716e-02
3.906250e+01 5.697783e-02
3.921875e+01 5.675476e-02
3.937500e+01 5.656337e-02
3.953125e+01 5.600609e-02
3.968750e+01 5.571173e-02
3.984375e+01 5.544063e-02
4.000000e+01 5.511215e-02
4.015625e+01 5.471918e-02
4.031250e+01 5.367510e-02
4.046875e+01 5.308785e-02
4.062500e+01 5.268503e-02
4.078125e+01 5.225329e-02
4.093750e+01 5.158568e-02
4.109375e+01 5.114007e-02
4.125000e+01 5.051221e-02
4.140625e+01 4.979010e-02
4.156250e+01 4.892282e-02
4.171875e+01 4.842614e-02
4.187500e+01 4.784646e-02
4.203125e+01 4.696809e-02
4.218750e+01 4.656244e-02
4.234375e+01 4.617646e-02
4.250000e+01 4.582837e-02
4.265625e+01 4.551875e-02
4.281250e+01 4.504277e-02
4.296875e+01 4.485889e-02
4.312500e+01 4.466433e-02
4.328125e+01 4.408150e-02
4.343750e+01 4.346988e-02
4.359375e+01 4.324761e-02
4.375000e+01 4.293158e-02
4.390625e+01 4.191416e-02
4.406250e+01 4.112657e-02
4.421875e+01 4.016632e-02
4.437500e+01 3.985455e-02
4.453125e+01 3.955104e-02
4.468750e+01 3.924122e-02
4.484375e+01 3.895972e-02
4.500000e+01 3.862423e-02
4.515625e+01 3.841897e-02
4.531250e+01 3.787098e-02
4.546875e+01 3.736099e-02
4.562500e+01 3.682426e-02
4.578125e+01 3.642325e-02
4.593750e+01 3.628108e-02
4.609375e+01 3.585226e-02
4.625000e+01 3.517674e-02
4.640625e+01 3.488638e-02
4.656250e+01 3.465401e-02
4.671875e+01 3.450801e-02
4.687500e+01 3.439268e-02
4.703125e+01 3.397809e-02
4.718750e+01 3.378923e-02
4.734375e+01 3.357515e-02
4.750000e+01 3.318733e-02
4.765625e+01 3.241658e-02
4.781250e+01 3.179620e-02
4.796875e+01 3.146550e-02
4.812500e+01 3.095237e-02
4.828125e+01 3.043783e-02
4.843750e+01 3.009405e-02
4.859375e+01 2.968129e-02
4.875000e+01 2.924998e-02
4.890625e+01 2.856272e-02
4.906250e+01 2.808125e-02
4.921875e+01 2.724762e-02
4.937500e+01 2.646899e-02
4.953125e+01 2.571721e-02
4.968750e+01 2.521752e-02
4.984375e+01 2.475381e-02
5.000000e+01 2.446403e-02
5.015625e+01 2.396628e-02
5.031250e+01 2.367930e-02
5.046875e+01 2.342909e-02
5.062500e+01 2.315394e-02
5.078125e+01 2.274623e-02
5.093750e+01 2.261585e-02
5.109375e+01 2.244682e-02
5.125000e+01 2.235524e-02
5.140625e+01 2.213745e-02
5.156250e+01 2.170191e-02
5.171875e+01 2.133017e-02
5.187500e+01 2.106608e-02
5.203125e+01 2.096247e-02
5.218750e+01 2.084821e-02
5.234375e+01 2.071323e-02
5.250000e+01 2.049882e-02
5.265625e+01 2.043803e-02
5.281250e+01 2.035310e-02
5.296875e+01 2.026737e-02
5.312500e+01 2.017976e-02
5.328125e+01 2.000059e-02
5.343750e+01 1.984166e-02
5.359375e+01 1.969178e-02
5.375000e+01 1.923581e-02
5.390625e+01 1.894387e-02
5.406250e+01 1.852499e-02
5.421875e+01 1.825116e-02
5.437500e+01 1.813016e-02
5.453125e+01 1.794396e-02
5.468750e+01 1.784549e-02
5.484375e+01 1.771697e-02
5.500000e+01 1.740751e-02
5.515625e+01 1.722685e-02
5.531250e+01 1.696855e-02
5.546875e+01 1.675578e-02
5.562500e+01 1.647811e-02
5.578125e+01 1.618438e-02
5.593750e+01 1.582956e-02
5.609375e+01 1.559201e-02
5.625000e+01 1.523902e-02
5.640625e+01 1.509535e-02
5.656250e+01 1.496420e-02
5.671875e+01 1.484352e-02
5.687500e+01 1.463671e-02
5.703125e+01 1.441140e-02
5.718750e+01 1.429658e-02
5.734375e+01 1.421786e-02
5.750000e+01 1.398319e-02
5.765625e+01 1.387779e-02
5.781250e+01 1.354134e-02
5.796875e+01 1.346796e-02
5.812500e+01 1.328265e-02
5.828125e+01 1.318291e-02
5.843750e+01 1.301210e-02
5.859375e+01 1.268816e-02
5.875000e+01 1.261548e-02
5.890625e+01 1.235215e-02
5.906250e+01 1.212404e-02
5.921875e+01 1.203269e-02
5.937500e+01 1.191670e-02
5.953125e+01 1.170535e-02
5.968750e+01 1.158194e-02
5.984375e+01 1.140156e-02
6.000000e+01 1.123348e-02
6.015625e+01 1.100129e-02
6.031250e+01 1.076853e-02
6.046875e+01 1.063290e-02
6.062500e+01 1.033150e-02
6.078125e+01 1.018662e-02
6.093750e+01 1.000123e-02
6.109375e+01 9.931983e-03
6.125000e+01 9.768705e-03
6.140625e+01 9.449290e-03
6.156250e+01 9.283867e-03
6.171875e+01 9.115197e-03
6.187500e+01 8.984603e-03
6.203125e+01 8.809058e-03
6.218750e+01 8.656100e-03
6.234375e+01 8.589980e-03
6.250000e+01 8.395355e-03
6.265625e+01 8.286735e-03
6.281250e+01 8.201450e-03
6.296875e+01 8.118228e-03
6.312500e+01 7.995527e-03
6.328125e+01 7.809475e-03
6.343750e+01 7.661498e-03
6.359375e+01 7.558692e-03
6.375000e+01 7.454910e-03
6.390625e+01 7.423924e-03
6.406250e+01 7.408610e-03
6.421875e+01 7.352427e-03
6.437500e+01 7.231831e-03
6.453125e+01 7.176086e-03
6.468750e+01 7.071350e-03
6.484375e+01 6.900346e-03
6.500000e+01 6.825603e-03
6.515625e+01 6.749165e-03
6.531250e+01 6.570352e-03
6.546875e+01 6.345003e-03
6.562500e+01 6.226284e-03
6.578125e+01 6.198002e-03
6.593750e+01 6.117981e-03
6.609375e+01 5.871694e-03
6.625000e+01 5.762085e-03
6.640625e+01 5.602579e-03
6.656250e+01 5.522950e-03
6.671875e+01 5.476320e-03
6.687500e+01 5.446739e-03
6.703125e+01 5.433223e-03
6.718750e+01 5.423927e-03
6.734375e+01 5.413893e-03
6.750000e+01 5.403317e-03
6.765625e+01 5.396728e-03
6.781250e+01 5.390003e-03
6.796875e+01 5.383675e-03
6.812500e+01 5.373152e-03
6.828125e+01 5.366956e-03
6.843750e+01 5.332973e-03
6.859375e+01 5.148944e-03
6.875000e+01 5.073129e-03
6.890625e+01 5.062680e-03
6.906250e+01 5.045213e-03
6.921875e+01 5.026945e-03
6.937500e+01 5.010870e-03
6.953125e+01 4.971573e-03
6.968750e+01 4.950607e-03
6.984375e+01 4.936705e-03
7.000000e+01 4.928598e-03
7.015625e+01 4.913908e-03
7.031250e+01 4.894706e-03
7.046875e+01 4.889056e-03
7.062500e+01 4.881924e-03
7.078125e+01 4.877749e-03
7.093750e+01 4.874127e-03
7.109375e+01 4.868230e-03
7.125000e+01 4.862064e-03
7.140625e+01 4.854521e-03
7.156250e+01 4.846667e-03
7.171875e+01 4.835384e-03
7.187500e+01 4.829175e-03
7.203125e+01 4.824790e-03
7.218750e+01 4.821557e-03
7.234375e+01 4.817785e-03
7.250000e+01 4.814270e-03
7.265625e+01 4.810606e-03
7.281250e+01 4.807095e-03
7.296875e+01 4.803164e-03
7.312500e+01 4.799185e-03
7.328125e+01 4.795104e-03
7.343750e+01 4.785740e-03
7.359375e+01 4.777934e-03
7.375000e+01 4.774536e-03
7.390625e+01 4.770942e-03
7.406250e+01 4.768829e-03
7.421875e+01 4.765735e-03
7.437500e+01 4.762818e-03
7.453125e+01 4.758378e-03
7.468750e+01 4.750582e-03
7.484375e+01 4.746435e-03
7.500000e+01 4.743874e-03
7.515625e+01 4.740427e-03
7.531250e+01 4.737335e-03
7.546875e+01 4.734204e-03
7.562500e+01 4.732055e-03
7.578125e+01 4.729973e-03
7.593750e+01 4.726964e-03
7.609375e+01 4.720590e-03
7.625000e+01 4.717166e-03
7.640625e+01 4.714282e-03
7.656250e+01 4.711423e-03
7.671875e+01 4.709572e-03
7.687500e+01 4.708327e-03
7.703125e+01 4.706960e-03
7.718750e+01 4.705305e-03
7.734375e+01 4.696652e-03
7.750000e+01 4.691276e-03
7.765625e+01 4.687721e-03
7.781250e+01 4.683734e-03
7.796875e+01 4.681478e-03
7.812500e+01 4.679610e-03
7.828125e+01 4.678218e-03
7.843750e+01 4.676544e-03
7.859375e+01 4.673842e-03
7.875000e+01 4.671176e-03
7.890625e+01 4.670031e-03
7.906250e+01 4.668376e-03
7.921875e+01 4.665836e-03
7.937500e+01 4.663304e-03
7.953125e+01 4.658476e-03
7.968750e+01 4.605844e-03
7.984375e+01 4.523741e-03
