# x[h^-1_cMpc]  F_mean
0.000000e+00 9.973581e-01
1.562500e-01 9.947895e-01
3.125000e-01 9.925668e-01
4.687500e-01 9.901778e-01
6.250000e-01 9.877625e-01
7.812500e-01 9.843868e-01
9.375000e-01 9.811235e-01
1.093750e+00 9.782887e-01
1.250000e+00 9.757995e-01
1.406250e+00 9.733391e-01
1.562500e+00 9.708923e-01
1.718750e+00 9.683263e-01
1.875000e+00 9.662906e-01
2.031250e+00 9.637807e-01
2.187500e+00 9.616205e-01
2.343750e+00 9.593101e-01
2.500000e+00 9.566984e-01
2.656250e+00 9.539946e-01
2.812500e+00 9.511788e-01
2.968750e+00 9.487025e-01
3.125000e+00 9.462947e-01
3.281250e+00 9.436520e-01
3.437500e+00 9.409496e-01
3.593750e+00 9.381900e-01
3.750000e+00 9.357491e-01
3.906250e+00 9.338564e-01
4.062500e+00 9.316515e-01
4.218750e+00 9.296775e-01
4.375000e+00 9.279657e-01
4.531250e+00 9.256527e-01
4.687500e+00 9.236064e-01
4.843750e+00 9.215261e-01
5.000000e+00 9.194002e-01
5.156250e+00 9.169707e-01
5.312500e+00 9.145881e-01
5.468750e+00 9.127792e-01
5.625000e+00 9.104966e-01
5.781250e+00 9.078057e-01
5.937500e+00 9.057139e-01
6.093750e+00 9.037844e-01
6.250000e+00 9.016848e-01
6.406250e+00 8.994329e-01
6.562500e+00 8.975493e-01
6.718750e+00 8.956543e-01
6.875000e+00 8.934612e-01
7.031250e+00 8.912907e-01
7.187500e+00 8.891978e-01
7.343750e+00 8.871816e-01
7.500000e+00 8.854657e-01
7.656250e+00 8.832434e-01
7.812500e+00 8.812217e-01
7.968750e+00 8.793862e-01
8.125000e+00 8.772766e-01
8.281250e+00 8.751524e-01
8.437500e+00 8.732313e-01
8.593750e+00 8.710352e-01
8.750000e+00 8.690596e-01
8.906250e+00 8.667437e-01
9.062500e+00 8.643759e-01
9.218750e+00 8.620790e-01
9.375000e+00 8.599987e-01
9.531250e+00 8.576174e-01
9.687500e+00 8.555401e-01
9.843750e+00 8.532662e-01
1.000000e+01 8.512731e-01
1.015625e+01 8.488998e-01
1.031250e+01 8.468004e-01
1.046875e+01 8.447927e-01
1.062500e+01 8.426798e-01
1.078125e+01 8.406291e-01
1.093750e+01 8.389172e-01
1.109375e+01 8.370104e-01
1.125000e+01 8.351813e-01
1.140625e+01 8.333330e-01
1.156250e+01 8.308326e-01
1.171875e+01 8.286284e-01
1.187500e+01 8.262978e-01
1.203125e+01 8.240785e-01
1.218750e+01 8.223310e-01
1.234375e+01 8.204574e-01
1.250000e+01 8.181827e-01
1.265625e+01 8.161826e-01
1.281250e+01 8.142170e-01
1.296875e+01 8.122352e-01
1.312500e+01 8.106092e-01
1.328125e+01 8.089842e-01
1.343750e+01 8.072282e-01
1.359375e+01 8.057265e-01
1.375000e+01 8.039902e-01
1.390625e+01 8.020633e-01
1.406250e+01 8.004637e-01
1.421875e+01 7.985402e-01
1.437500e+01 7.967086e-01
1.453125e+01 7.951435e-01
1.468750e+01 7.931664e-01
1.484375e+01 7.911164e-01
1.500000e+01 7.893688e-01
1.515625e+01 7.877211e-01
1.531250e+01 7.859380e-01
1.546875e+01 7.841275e-01
1.562500e+01 7.822641e-01
1.578125e+01 7.805064e-01
1.593750e+01 7.787529e-01
1.609375e+01 7.771243e-01
1.625000e+01 7.750620e-01
1.640625e+01 7.733801e-01
1.656250e+01 7.714468e-01
1.671875e+01 7.695181e-01
1.687500e+01 7.674371e-01
1.703125e+01 7.657395e-01
1.718750e+01 7.637663e-01
1.734375e+01 7.620771e-01
1.750000e+01 7.601633e-01
1.765625e+01 7.582230e-01
1.781250e+01 7.563058e-01
1.796875e+01 7.545635e-01
1.812500e+01 7.528334e-01
1.828125e+01 7.509681e-01
1.843750e+01 7.490359e-01
1.859375e+01 7.475876e-01
1.875000e+01 7.458624e-01
1.890625e+01 7.441722e-01
1.906250e+01 7.421742e-01
1.921875e+01 7.404465e-01
1.937500e+01 7.386578e-01
1.953125e+01 7.366696e-01
1.968750e+01 7.346205e-01
1.984375e+01 7.327634e-01
2.000000e+01 7.306371e-01
2.015625e+01 7.288432e-01
2.031250e+01 7.271576e-01
2.046875e+01 7.255274e-01
2.062500e+01 7.235626e-01
2.078125e+01 7.215016e-01
2.093750e+01 7.198444e-01
2.109375e+01 7.179534e-01
2.125000e+01 7.160630e-01
2.140625e+01 7.137541e-01
2.156250e+01 7.120613e-01
2.171875e+01 7.105632e-01
2.187500e+01 7.089166e-01
2.203125e+01 7.073241e-01
2.218750e+01 7.059589e-01
2.234375e+01 7.043960e-01
2.250000e+01 7.027619e-01
2.265625e+01 7.012040e-01
2.281250e+01 6.996226e-01
2.296875e+01 6.979398e-01
2.312500e+01 6.962913e-01
2.328125e+01 6.948884e-01
2.343750e+01 6.934782e-01
2.359375e+01 6.920223e-01
2.375000e+01 6.905641e-01
2.390625e+01 6.891124e-01
2.406250e+01 6.873846e-01
2.421875e+01 6.859752e-01
2.437500e+01 6.842723e-01
2.453125e+01 6.823398e-01
2.468750e+01 6.808264e-01
2.484375e+01 6.792493e-01
2.500000e+01 6.776806e-01
2.515625e+01 6.761339e-01
2.531250e+01 6.747898e-01
2.546875e+01 6.734507e-01
2.562500e+01 6.715918e-01
2.578125e+01 6.696595e-01
2.593750e+01 6.679384e-01
2.609375e+01 6.663298e-01
2.625000e+01 6.647945e-01
2.640625e+01 6.633182e-01
2.656250e+01 6.615627e-01
2.671875e+01 6.599833e-01
2.687500e+01 6.583719e-01
2.703125e+01 6.570591e-01
2.718750e+01 6.558752e-01
2.734375e+01 6.545283e-01
2.750000e+01 6.533752e-01
2.765625e+01 6.522101e-01
2.781250e+01 6.505809e-01
2.796875e+01 6.492138e-01
2.812500e+01 6.476256e-01
2.828125e+01 6.463227e-01
2.843750e+01 6.447009e-01
2.859375e+01 6.431867e-01
2.875000e+01 6.418645e-01
2.890625e+01 6.406581e-01
2.906250e+01 6.395676e-01
2.921875e+01 6.385708e-01
2.937500e+01 6.375551e-01
2.953125e+01 6.361475e-01
2.968750e+01 6.348220e-01
2.984375e+01 6.335610e-01
3.000000e+01 6.323020e-01
3.015625e+01 6.308190e-01
3.031250e+01 6.295773e-01
3.046875e+01 6.284823e-01
3.062500e+01 6.271034e-01
3.078125e+01 6.259057e-01
3.093750e+01 6.246645e-01
3.109375e+01 6.234041e-01
3.125000e+01 6.216413e-01
3.140625e+01 6.205292e-01
3.156250e+01 6.193675e-01
3.171875e+01 6.180544e-01
3.187500e+01 6.165233e-01
3.203125e+01 6.149445e-01
3.218750e+01 6.136902e-01
3.234375e+01 6.119236e-01
3.250000e+01 6.106288e-01
3.265625e+01 6.094262e-01
3.281250e+01 6.082138e-01
3.296875e+01 6.069372e-01
3.312500e+01 6.056422e-01
3.328125e+01 6.041259e-01
3.343750e+01 6.028821e-01
3.359375e+01 6.012948e-01
3.375000e+01 5.997586e-01
3.390625e+01 5.984536e-01
3.406250e+01 5.973152e-01
3.421875e+01 5.960617e-01
3.437500e+01 5.949016e-01
3.453125e+01 5.935453e-01
3.468750e+01 5.921513e-01
3.484375e+01 5.908673e-01
3.500000e+01 5.896264e-01
3.515625e+01 5.883442e-01
3.531250e+01 5.868873e-01
3.546875e+01 5.853171e-01
3.562500e+01 5.839081e-01
3.578125e+01 5.826805e-01
3.593750e+01 5.810003e-01
3.609375e+01 5.797190e-01
3.625000e+01 5.782536e-01
3.640625e+01 5.766364e-01
3.656250e+01 5.750432e-01
3.671875e+01 5.737733e-01
3.687500e+01 5.725956e-01
3.703125e+01 5.714712e-01
3.718750e+01 5.702072e-01
3.734375e+01 5.688265e-01
3.750000e+01 5.671556e-01
3.765625e+01 5.654453e-01
3.781250e+01 5.639319e-01
3.796875e+01 5.625950e-01
3.812500e+01 5.611186e-01
3.828125e+01 5.597788e-01
3.843750e+01 5.585152e-01
3.859375e+01 5.573141e-01
3.875000e+01 5.559967e-01
3.890625e+01 5.545596e-01
3.906250e+01 5.532644e-01
3.921875e+01 5.519035e-01
3.937500e+01 5.502008e-01
3.953125e+01 5.487363e-01
3.968750e+01 5.474249e-01
3.984375e+01 5.457602e-01
4.000000e+01 5.441678e-01
4.015625e+01 5.428481e-01
4.031250e+01 5.412677e-01
4.046875e+01 5.398596e-01
4.062500e+01 5.385542e-01
4.078125e+01 5.370997e-01
4.093750e+01 5.358612e-01
4.109375e+01 5.344802e-01
4.125000e+01 5.331164e-01
4.140625e+01 5.318690e-01
4.156250e+01 5.305033e-01
4.171875e+01 5.291171e-01
4.187500e+01 5.276404e-01
4.203125e+01 5.260721e-01
4.218750e+01 5.247453e-01
4.234375e+01 5.235282e-01
4.250000e+01 5.222948e-01
4.265625e+01 5.211137e-01
4.281250e+01 5.200567e-01
4.296875e+01 5.188080e-01
4.312500e+01 5.177131e-01
4.328125e+01 5.164204e-01
4.343750e+01 5.150985e-01
4.359375e+01 5.136943e-01
4.375000e+01 5.124212e-01
4.390625e+01 5.111648e-01
4.406250e+01 5.097591e-01
4.421875e+01 5.083523e-01
4.437500e+01 5.068452e-01
4.453125e+01 5.050332e-01
4.468750e+01 5.035895e-01
4.484375e+01 5.023217e-01
4.500000e+01 5.012050e-01
4.515625e+01 5.000509e-01
4.531250e+01 4.987303e-01
4.546875e+01 4.971445e-01
4.562500e+01 4.956046e-01
4.578125e+01 4.943318e-01
4.593750e+01 4.930302e-01
4.609375e+01 4.918460e-01
4.625000e+01 4.903789e-01
4.640625e+01 4.891213e-01
4.656250e+01 4.873470e-01
4.671875e+01 4.857861e-01
4.687500e+01 4.845789e-01
4.703125e+01 4.834342e-01
4.718750e+01 4.821452e-01
4.734375e+01 4.809710e-01
4.750000e+01 4.798301e-01
4.765625e+01 4.787251e-01
4.781250e+01 4.776709e-01
4.796875e+01 4.764753e-01
4.812500e+01 4.754402e-01
4.828125e+01 4.743153e-01
4.843750e+01 4.733323e-01
4.859375e+01 4.723801e-01
4.875000e+01 4.713975e-01
4.890625e+01 4.704422e-01
4.906250e+01 4.691795e-01
4.921875e+01 4.680505e-01
4.937500e+01 4.670741e-01
4.953125e+01 4.661089e-01
4.968750e+01 4.648319e-01
4.984375e+01 4.638604e-01
5.000000e+01 4.627235e-01
5.015625e+01 4.618116e-01
5.031250e+01 4.608623e-01
5.046875e+01 4.599560e-01
5.062500e+01 4.590018e-01
5.078125e+01 4.580173e-01
5.093750e+01 4.570376e-01
5.109375e+01 4.558441e-01
5.125000e+01 4.550304e-01
5.140625e+01 4.541241e-01
5.156250e+01 4.530044e-01
5.171875e+01 4.519476e-01
5.187500e+01 4.508638e-01
5.203125e+01 4.499204e-01
5.218750e+01 4.489129e-01
5.234375e+01 4.479308e-01
5.250000e+01 4.469538e-01
5.265625e+01 4.459765e-01
5.281250e+01 4.449206e-01
5.296875e+01 4.439688e-01
5.312500e+01 4.431236e-01
5.328125e+01 4.422236e-01
5.343750e+01 4.413589e-01
5.359375e+01 4.404682e-01
5.375000e+01 4.397037e-01
5.390625e+01 4.388660e-01
5.406250e+01 4.379494e-01
5.421875e+01 4.370306e-01
5.437500e+01 4.361045e-01
5.453125e+01 4.349850e-01
5.468750e+01 4.341744e-01
5.484375e+01 4.334219e-01
5.500000e+01 4.326219e-01
5.515625e+01 4.316998e-01
5.531250e+01 4.307193e-01
5.546875e+01 4.298657e-01
5.562500e+01 4.288236e-01
5.578125e+01 4.280342e-01
5.593750e+01 4.273315e-01
5.609375e+01 4.266049e-01
5.625000e+01 4.257539e-01
5.640625e+01 4.249257e-01
5.656250e+01 4.241804e-01
5.671875e+01 4.232538e-01
5.687500e+01 4.223672e-01
5.703125e+01 4.216038e-01
5.718750e+01 4.208299e-01
5.734375e+01 4.199198e-01
5.750000e+01 4.189115e-01
5.765625e+01 4.181053e-01
5.781250e+01 4.171297e-01
5.796875e+01 4.163367e-01
5.812500e+01 4.154143e-01
5.828125e+01 4.144708e-01
5.843750e+01 4.135381e-01
5.859375e+01 4.125844e-01
5.875000e+01 4.117164e-01
5.890625e+01 4.108515e-01
5.906250e+01 4.096740e-01
5.921875e+01 4.085370e-01
5.937500e+01 4.074928e-01
5.953125e+01 4.065624e-01
5.968750e+01 4.058348e-01
5.984375e+01 4.049963e-01
6.000000e+01 4.042579e-01
6.015625e+01 4.035181e-01
6.031250e+01 4.027837e-01
6.046875e+01 4.021475e-01
6.062500e+01 4.014385e-01
6.078125e+01 4.004926e-01
6.093750e+01 3.998159e-01
6.109375e+01 3.991208e-01
6.125000e+01 3.982906e-01
6.140625e+01 3.974546e-01
6.156250e+01 3.966954e-01
6.171875e+01 3.959310e-01
6.187500e+01 3.951870e-01
6.203125e+01 3.943706e-01
6.218750e+01 3.935708e-01
6.234375e+01 3.928051e-01
6.250000e+01 3.921089e-01
6.265625e+01 3.911917e-01
6.281250e+01 3.904723e-01
6.296875e+01 3.896453e-01
6.312500e+01 3.889809e-01
6.328125e+01 3.882108e-01
6.343750e+01 3.874275e-01
6.359375e+01 3.864743e-01
6.375000e+01 3.857049e-01
6.390625e+01 3.848340e-01
6.406250e+01 3.839813e-01
6.421875e+01 3.830854e-01
6.437500e+01 3.821081e-01
6.453125e+01 3.812445e-01
6.468750e+01 3.804838e-01
6.484375e+01 3.797648e-01
6.500000e+01 3.790969e-01
6.515625e+01 3.782848e-01
6.531250e+01 3.775924e-01
6.546875e+01 3.766434e-01
6.562500e+01 3.760163e-01
6.578125e+01 3.753487e-01
6.593750e+01 3.746503e-01
6.609375e+01 3.738655e-01
6.625000e+01 3.731059e-01
6.640625e+01 3.722252e-01
6.656250e+01 3.714883e-01
6.671875e+01 3.706471e-01
6.687500e+01 3.698581e-01
6.703125e+01 3.691340e-01
6.718750e+01 3.682647e-01
6.734375e+01 3.674697e-01
6.750000e+01 3.667737e-01
6.765625e+01 3.659144e-01
6.781250e+01 3.652262e-01
6.796875e+01 3.644349e-01
6.812500e+01 3.637179e-01
6.828125e+01 3.631232e-01
6.843750e+01 3.625287e-01
6.859375e+01 3.617796e-01
6.875000e+01 3.611306e-01
6.890625e+01 3.603843e-01
6.906250e+01 3.596722e-01
6.921875e+01 3.587784e-01
6.937500e+01 3.579445e-01
6.953125e+01 3.571663e-01
6.968750e+01 3.564101e-01
6.984375e+01 3.555329e-01
7.000000e+01 3.546373e-01
7.015625e+01 3.538831e-01
7.031250e+01 3.529500e-01
7.046875e+01 3.521559e-01
7.062500e+01 3.514206e-01
7.078125e+01 3.506567e-01
7.093750e+01 3.499019e-01
7.109375e+01 3.491305e-01
7.125000e+01 3.483169e-01
7.140625e+01 3.475125e-01
7.156250e+01 3.467507e-01
7.171875e+01 3.458737e-01
7.187500e+01 3.449128e-01
7.203125e+01 3.439907e-01
7.218750e+01 3.431372e-01
7.234375e+01 3.424095e-01
7.250000e+01 3.416636e-01
7.265625e+01 3.409025e-01
7.281250e+01 3.400483e-01
7.296875e+01 3.391501e-01
7.312500e+01 3.382452e-01
7.328125e+01 3.374345e-01
7.343750e+01 3.365405e-01
7.359375e+01 3.356603e-01
7.375000e+01 3.347394e-01
7.390625e+01 3.336371e-01
7.406250e+01 3.326673e-01
7.421875e+01 3.318359e-01
7.437500e+01 3.309298e-01
7.453125e+01 3.300407e-01
7.468750e+01 3.291676e-01
7.484375e+01 3.282845e-01
7.500000e+01 3.274139e-01
7.515625e+01 3.266949e-01
7.531250e+01 3.258654e-01
7.546875e+01 3.250045e-01
7.562500e+01 3.242154e-01
7.578125e+01 3.234139e-01
7.593750e+01 3.225215e-01
7.609375e+01 3.217300e-01
7.625000e+01 3.209869e-01
7.640625e+01 3.201087e-01
7.656250e+01 3.192973e-01
7.671875e+01 3.185289e-01
7.687500e+01 3.177473e-01
7.703125e+01 3.169322e-01
7.718750e+01 3.162283e-01
7.734375e+01 3.152781e-01
7.750000e+01 3.144646e-01
7.765625e+01 3.136268e-01
7.781250e+01 3.129716e-01
7.796875e+01 3.122866e-01
7.812500e+01 3.116317e-01
7.828125e+01 3.110235e-01
7.843750e+01 3.104366e-01
7.859375e+01 3.097255e-01
7.875000e+01 3.090356e-01
7.890625e+01 3.083048e-01
7.906250e+01 3.074906e-01
7.921875e+01 3.067530e-01
7.937500e+01 3.060510e-01
7.953125e+01 3.054576e-01
7.968750e+01 3.048159e-01
7.984375e+01 3.040510e-01
