# x[h^-1_cMpc]  F_mean
0.000000e+00 7.469170e-01
1.562500e-01 6.056187e-01
3.125000e-01 4.996731e-01
4.687500e-01 4.146401e-01
6.250000e-01 3.471558e-01
7.812500e-01 2.916343e-01
9.375000e-01 2.457723e-01
1.093750e+00 2.059265e-01
1.250000e+00 1.714691e-01
1.406250e+00 1.441789e-01
1.562500e+00 1.225834e-01
1.718750e+00 1.042097e-01
1.875000e+00 8.814051e-02
2.031250e+00 7.517978e-02
2.187500e+00 6.339728e-02
2.343750e+00 5.457190e-02
2.500000e+00 4.681782e-02
2.656250e+00 4.078657e-02
2.812500e+00 3.522794e-02
2.968750e+00 2.980948e-02
3.125000e+00 2.557920e-02
3.281250e+00 2.244971e-02
3.437500e+00 1.948371e-02
3.593750e+00 1.646655e-02
3.750000e+00 1.421959e-02
3.906250e+00 1.242521e-02
4.062500e+00 1.083099e-02
4.218750e+00 9.452654e-03
4.375000e+00 8.072269e-03
4.531250e+00 6.939442e-03
4.687500e+00 5.991951e-03
4.843750e+00 5.113842e-03
5.000000e+00 4.368958e-03
5.156250e+00 3.823584e-03
5.312500e+00 3.327620e-03
5.468750e+00 2.893147e-03
5.625000e+00 2.522932e-03
5.781250e+00 2.211447e-03
5.937500e+00 1.917223e-03
6.093750e+00 1.705115e-03
6.250000e+00 1.530145e-03
6.406250e+00 1.362145e-03
6.562500e+00 1.255297e-03
6.718750e+00 1.153464e-03
6.875000e+00 1.022803e-03
7.031250e+00 8.362576e-04
7.187500e+00 6.680923e-04
7.343750e+00 5.398167e-04
7.500000e+00 4.802873e-04
7.656250e+00 4.308026e-04
7.812500e+00 3.427597e-04
7.968750e+00 3.036248e-04
8.125000e+00 2.764605e-04
8.281250e+00 2.544667e-04
8.437500e+00 2.296036e-04
8.593750e+00 2.008124e-04
8.750000e+00 1.819028e-04
8.906250e+00 1.645516e-04
9.062500e+00 1.473629e-04
9.218750e+00 1.351286e-04
9.375000e+00 1.195451e-04
9.531250e+00 1.101321e-04
9.687500e+00 9.687648e-05
9.843750e+00 8.366535e-05
1.000000e+01 7.778282e-05
1.015625e+01 7.090282e-05
1.031250e+01 6.360349e-05
1.046875e+01 5.452364e-05
1.062500e+01 4.477050e-05
1.078125e+01 3.626547e-05
1.093750e+01 3.207573e-05
1.109375e+01 2.921869e-05
1.125000e+01 2.524391e-05
1.140625e+01 1.717628e-05
1.156250e+01 1.183029e-05
1.171875e+01 1.040820e-05
1.187500e+01 9.135195e-06
1.203125e+01 8.063290e-06
1.218750e+01 7.415121e-06
1.234375e+01 6.606788e-06
1.250000e+01 5.845359e-06
1.265625e+01 4.487347e-06
1.281250e+01 3.199616e-06
1.296875e+01 2.565542e-06
1.312500e+01 2.239581e-06
1.328125e+01 2.050037e-06
1.343750e+01 1.890336e-06
1.359375e+01 1.707725e-06
1.375000e+01 1.474944e-06
1.390625e+01 1.164987e-06
1.406250e+01 1.074496e-06
1.421875e+01 9.651823e-07
1.437500e+01 8.734101e-07
1.453125e+01 7.697185e-07
1.468750e+01 5.731269e-07
1.484375e+01 3.699132e-07
1.500000e+01 2.492045e-07
1.515625e+01 2.406900e-08
1.531250e+01 2.046149e-08
1.546875e+01 1.610754e-08
1.562500e+01 1.285567e-08
1.578125e+01 1.134631e-08
1.593750e+01 9.588223e-09
1.609375e+01 8.723983e-09
1.625000e+01 8.108458e-09
1.640625e+01 7.206530e-09
1.656250e+01 4.400225e-09
1.671875e+01 3.188406e-09
1.687500e+01 2.830336e-09
1.703125e+01 2.586537e-09
1.718750e+01 2.387427e-09
1.734375e+01 2.236204e-09
1.750000e+01 2.068183e-09
1.765625e+01 1.857274e-09
1.781250e+01 1.717438e-09
1.796875e+01 1.372181e-09
1.812500e+01 8.606302e-10
1.828125e+01 7.501378e-10
1.843750e+01 5.991948e-10
1.859375e+01 4.866170e-10
1.875000e+01 4.238349e-10
1.890625e+01 3.947182e-10
1.906250e+01 3.682717e-10
1.921875e+01 3.489192e-10
1.937500e+01 3.192897e-10
1.953125e+01 2.965308e-10
1.968750e+01 1.593231e-10
1.984375e+01 1.405257e-10
2.000000e+01 1.255789e-10
2.015625e+01 1.056774e-10
2.031250e+01 9.026084e-11
2.046875e+01 6.227680e-11
2.062500e+01 5.449419e-11
2.078125e+01 4.644787e-11
2.093750e+01 4.035774e-11
2.109375e+01 3.568505e-11
2.125000e+01 3.082030e-11
2.140625e+01 2.374644e-11
2.156250e+01 2.144081e-11
2.171875e+01 1.740975e-11
2.187500e+01 1.478651e-11
2.203125e+01 1.321711e-11
2.218750e+01 1.247946e-11
2.234375e+01 1.141287e-11
2.250000e+01 8.859537e-12
2.265625e+01 7.289822e-12
2.281250e+01 6.882701e-12
2.296875e+01 6.520405e-12
2.312500e+01 6.256458e-12
2.328125e+01 5.927522e-12
2.343750e+01 5.514239e-12
2.359375e+01 6.221436e-13
2.375000e+01 5.415728e-13
2.390625e+01 3.828237e-13
2.406250e+01 1.990748e-13
2.421875e+01 1.657978e-13
2.437500e+01 1.502708e-13
2.453125e+01 1.340938e-13
2.468750e+01 1.217950e-13
2.484375e+01 1.118221e-13
2.500000e+01 1.035456e-13
2.515625e+01 9.557132e-14
2.531250e+01 7.953042e-14
2.546875e+01 5.319468e-14
2.562500e+01 3.954365e-14
2.578125e+01 3.096376e-14
2.593750e+01 2.717005e-14
2.609375e+01 2.500966e-14
2.625000e+01 2.369079e-14
2.640625e+01 2.291600e-14
2.656250e+01 2.217682e-14
2.671875e+01 2.097144e-14
2.687500e+01 1.975210e-14
2.703125e+01 1.810302e-14
2.718750e+01 1.566485e-14
2.734375e+01 1.146545e-14
2.750000e+01 7.982127e-15
2.765625e+01 7.116457e-15
2.781250e+01 6.663465e-15
2.796875e+01 5.575847e-15
2.812500e+01 5.069181e-15
2.828125e+01 4.804667e-15
2.843750e+01 4.553510e-15
2.859375e+01 4.314493e-15
2.875000e+01 4.175216e-15
2.890625e+01 3.881642e-15
2.906250e+01 3.431266e-15
2.921875e+01 3.069376e-15
2.937500e+01 2.941041e-15
2.953125e+01 2.824265e-15
2.968750e+01 2.644600e-15
2.984375e+01 2.408121e-15
3.000000e+01 1.278256e-15
3.015625e+01 6.367376e-16
3.031250e+01 2.276600e-16
3.046875e+01 1.518354e-16
3.062500e+01 1.236978e-16
3.078125e+01 6.269056e-17
3.093750e+01 6.125606e-17
3.109375e+01 5.594330e-17
3.125000e+01 4.709539e-17
3.140625e+01 4.465505e-17
3.156250e+01 4.271521e-17
3.171875e+01 4.111155e-17
3.187500e+01 3.786143e-17
3.203125e+01 3.632670e-17
3.218750e+01 3.551978e-17
3.234375e+01 3.423848e-17
3.250000e+01 3.240258e-17
3.265625e+01 3.152884e-17
3.281250e+01 2.746687e-17
3.296875e+01 2.337597e-17
3.312500e+01 1.934477e-17
3.328125e+01 1.430871e-17
3.343750e+01 1.108803e-17
3.359375e+01 9.327181e-18
3.375000e+01 7.928740e-18
3.390625e+01 5.746595e-18
3.406250e+01 5.180495e-18
3.421875e+01 4.891317e-18
3.437500e+01 4.720693e-18
3.453125e+01 4.579101e-18
3.468750e+01 4.383153e-18
3.484375e+01 4.230485e-18
3.500000e+01 4.094930e-18
3.515625e+01 3.682221e-18
3.531250e+01 1.918510e-18
3.546875e+01 2.065271e-19
3.562500e+01 1.152521e-19
3.578125e+01 1.175108e-20
3.593750e+01 1.666640e-21
3.609375e+01 1.231332e-21
3.625000e+01 1.078648e-21
3.640625e+01 1.047028e-21
3.656250e+01 9.796490e-22
3.671875e+01 8.877368e-22
3.687500e+01 8.331575e-22
3.703125e+01 7.730727e-22
3.718750e+01 7.040359e-22
3.734375e+01 5.862343e-22
3.750000e+01 4.373927e-22
3.765625e+01 3.682245e-22
3.781250e+01 3.276807e-22
3.796875e+01 2.726420e-22
3.812500e+01 1.733992e-22
3.828125e+01 1.272136e-22
3.843750e+01 1.054233e-22
3.859375e+01 9.042925e-23
3.875000e+01 8.710736e-23
3.890625e+01 8.356316e-23
3.906250e+01 7.863025e-23
3.921875e+01 7.497281e-23
3.937500e+01 6.727620e-23
3.953125e+01 6.399917e-23
3.968750e+01 6.094994e-23
3.984375e+01 5.689146e-23
4.000000e+01 5.094678e-23
4.015625e+01 4.630897e-23
4.031250e+01 3.908050e-23
4.046875e+01 2.942344e-23
4.062500e+01 2.631436e-23
4.078125e+01 2.246749e-23
4.093750e+01 1.903869e-23
4.109375e+01 1.708517e-23
4.125000e+01 1.477924e-23
4.140625e+01 1.384869e-23
4.156250e+01 1.287169e-23
4.171875e+01 1.162667e-23
4.187500e+01 6.926020e-24
4.203125e+01 6.357183e-24
4.218750e+01 5.537901e-24
4.234375e+01 2.948013e-24
4.250000e+01 2.380414e-24
4.265625e+01 1.955753e-24
4.281250e+01 1.358635e-24
4.296875e+01 1.070101e-24
4.312500e+01 1.003163e-24
4.328125e+01 9.744500e-25
4.343750e+01 8.547753e-25
4.359375e+01 2.730616e-25
4.375000e+01 2.540133e-25
4.390625e+01 1.429154e-25
4.406250e+01 6.742670e-26
4.421875e+01 6.150295e-26
4.437500e+01 1.833361e-26
4.453125e+01 1.067861e-28
4.468750e+01 9.263314e-29
4.484375e+01 6.810813e-29
4.500000e+01 5.916298e-29
4.515625e+01 5.567641e-29
4.531250e+01 5.141995e-29
4.546875e+01 4.913463e-29
4.562500e+01 4.637409e-29
4.578125e+01 3.623909e-29
4.593750e+01 2.224107e-29
4.609375e+01 2.439361e-31
4.625000e+01 2.136005e-32
4.640625e+01 1.596710e-32
4.656250e+01 1.291716e-32
4.671875e+01 1.110422e-32
4.687500e+01 6.297383e-33
4.703125e+01 2.265910e-33
4.718750e+01 1.565258e-33
4.734375e+01 1.067489e-33
4.750000e+01 8.766158e-34
4.765625e+01 7.751464e-34
4.781250e+01 6.949385e-34
4.796875e+01 5.923946e-34
4.812500e+01 4.224843e-34
4.828125e+01 3.869904e-34
4.843750e+01 3.250573e-34
4.859375e+01 2.066956e-34
4.875000e+01 1.894582e-34
4.890625e+01 1.724268e-34
4.906250e+01 1.685911e-34
4.921875e+01 1.642166e-34
4.937500e+01 1.603740e-34
4.953125e+01 1.548927e-34
4.968750e+01 1.513069e-34
4.984375e+01 1.474725e-34
5.000000e+01 1.426935e-34
5.015625e+01 1.387487e-34
5.031250e+01 1.335865e-34
5.046875e+01 1.280354e-34
5.062500e+01 1.211113e-34
5.078125e+01 1.085219e-34
5.093750e+01 1.055424e-34
5.109375e+01 1.044790e-34
5.125000e+01 1.036224e-34
5.140625e+01 1.023791e-34
5.156250e+01 1.013949e-34
5.171875e+01 9.996263e-35
5.187500e+01 9.884116e-35
5.203125e+01 9.701609e-35
5.218750e+01 9.458882e-35
5.234375e+01 9.201064e-35
5.250000e+01 8.797231e-35
5.265625e+01 8.468170e-35
5.281250e+01 7.825261e-35
5.296875e+01 2.515144e-35
5.312500e+01 2.278291e-35
5.328125e+01 1.968161e-35
5.343750e+01 1.399572e-35
5.359375e+01 1.292041e-35
5.375000e+01 1.237916e-35
5.390625e+01 1.213235e-35
5.406250e+01 1.161056e-35
5.421875e+01 1.102603e-35
5.437500e+01 1.059093e-35
5.453125e+01 9.988603e-36
5.468750e+01 9.005645e-36
5.484375e+01 8.445736e-36
5.500000e+01 7.911656e-36
5.515625e+01 6.216003e-36
5.531250e+01 2.335456e-36
5.546875e+01 2.207345e-36
5.562500e+01 2.149802e-36
5.578125e+01 2.033179e-36
5.593750e+01 1.960464e-36
5.609375e+01 1.906083e-36
5.625000e+01 1.731503e-36
5.640625e+01 1.575434e-36
5.656250e+01 1.526382e-36
5.671875e+01 1.490711e-36
5.687500e+01 1.454550e-36
5.703125e+01 1.314614e-36
5.718750e+01 1.208335e-36
5.734375e+01 1.103535e-36
5.750000e+01 8.363974e-37
5.765625e+01 5.934173e-37
5.781250e+01 4.936019e-37
5.796875e+01 4.719545e-37
5.812500e+01 3.575885e-37
5.828125e+01 2.298468e-37
5.843750e+01 2.141270e-37
5.859375e+01 2.034238e-37
5.875000e+01 1.968244e-37
5.890625e+01 1.708391e-37
5.906250e+01 1.443964e-37
5.921875e+01 1.340342e-37
5.937500e+01 1.276686e-37
5.953125e+01 1.165837e-37
5.968750e+01 1.086280e-37
5.984375e+01 1.021444e-37
6.000000e+01 9.993627e-38
6.015625e+01 9.476636e-38
6.031250e+01 7.326855e-38
6.046875e+01 5.728773e-38
6.062500e+01 3.694453e-38
6.078125e+01 2.779947e-38
6.093750e+01 2.404671e-38
6.109375e+01 2.149195e-38
6.125000e+01 1.910450e-38
6.140625e+01 7.388309e-39
6.156250e+01 2.648476e-39
6.171875e+01 1.439425e-39
6.187500e+01 7.888639e-40
6.203125e+01 7.304867e-40
6.218750e+01 6.344389e-40
6.234375e+01 5.810418e-40
6.250000e+01 5.679670e-40
6.265625e+01 5.593464e-40
6.281250e+01 3.135888e-40
6.296875e+01 7.135883e-43
6.312500e+01 4.396592e-43
6.328125e+01 1.045008e-43
6.343750e+01 7.107208e-44
6.359375e+01 6.608845e-44
6.375000e+01 5.774557e-44
6.390625e+01 4.474872e-44
6.406250e+01 2.787462e-44
6.421875e+01 1.655572e-44
6.437500e+01 3.663197e-45
6.453125e+01 2.022444e-45
6.468750e+01 1.539232e-45
6.484375e+01 1.085549e-45
6.500000e+01 9.168864e-46
6.515625e+01 1.554825e-46
6.531250e+01 1.290840e-46
6.546875e+01 8.613689e-47
6.562500e+01 7.425320e-47
6.578125e+01 6.832391e-47
6.593750e+01 6.102697e-47
6.609375e+01 4.596916e-47
6.625000e+01 2.570983e-47
6.640625e+01 8.518452e-48
6.656250e+01 2.597480e-48
6.671875e+01 3.753763e-49
6.687500e+01 3.054185e-49
6.703125e+01 2.503641e-49
6.718750e+01 2.289461e-49
6.734375e+01 1.938745e-49
6.750000e+01 1.899810e-49
6.765625e+01 1.845958e-49
6.781250e+01 1.766348e-49
6.796875e+01 1.685344e-49
6.812500e+01 1.493317e-49
6.828125e+01 1.364605e-49
6.843750e+01 1.207465e-49
6.859375e+01 7.049188e-50
6.875000e+01 5.161374e-50
6.890625e+01 4.554475e-50
6.906250e+01 2.308528e-50
6.921875e+01 1.378301e-50
6.937500e+01 1.127236e-50
6.953125e+01 6.207830e-51
6.968750e+01 3.763015e-51
6.984375e+01 2.421962e-51
7.000000e+01 9.574482e-52
7.015625e+01 8.438581e-52
7.031250e+01 7.912348e-52
7.046875e+01 7.062565e-52
7.062500e+01 6.611579e-52
7.078125e+01 6.282374e-52
7.093750e+01 5.555384e-52
7.109375e+01 4.415176e-52
7.125000e+01 4.333380e-52
7.140625e+01 4.239130e-52
7.156250e+01 3.963886e-52
7.171875e+01 3.637202e-52
7.187500e+01 3.420174e-52
7.203125e+01 3.124051e-52
7.218750e+01 2.991107e-52
7.234375e+01 2.801316e-52
7.250000e+01 2.618848e-52
7.265625e+01 2.485763e-52
7.281250e+01 2.349491e-52
7.296875e+01 1.766430e-52
7.312500e+01 1.318727e-52
7.328125e+01 1.279765e-52
7.343750e+01 1.262274e-52
7.359375e+01 1.182566e-52
7.375000e+01 5.655243e-53
7.390625e+01 5.251796e-53
7.406250e+01 5.093686e-53
7.421875e+01 4.862001e-53
7.437500e+01 3.557879e-53
7.453125e+01 2.375257e-53
7.468750e+01 2.120112e-53
7.484375e+01 1.466918e-53
7.500000e+01 9.453573e-54
7.515625e+01 6.240845e-54
7.531250e+01 1.504362e-54
7.546875e+01 4.580362e-55
7.562500e+01 3.770612e-55
7.578125e+01 3.088040e-55
7.593750e+01 2.914508e-55
7.609375e+01 2.833277e-55
7.625000e+01 1.091179e-55
7.640625e+01 3.981786e-56
7.656250e+01 3.691448e-56
7.671875e+01 3.589651e-56
7.687500e+01 3.466479e-56
7.703125e+01 2.822628e-56
7.718750e+01 2.409468e-56
7.734375e+01 2.247449e-56
7.750000e+01 2.198055e-56
7.765625e+01 2.114802e-56
7.781250e+01 1.974678e-56
7.796875e+01 1.412797e-56
7.812500e+01 1.110219e-56
7.828125e+01 5.319349e-57
7.843750e+01 4.049762e-57
7.859375e+01 3.423757e-57
7.875000e+01 3.015503e-57
7.890625e+01 2.811469e-57
7.906250e+01 2.142981e-57
7.921875e+01 5.516111e-58
7.937500e+01 9.800708e-59
7.953125e+01 9.264026e-59
7.968750e+01 8.867725e-59
7.984375e+01 8.621019e-59
