# x[h^-1_cMpc]  F_mean
0.000000e+00 3.513973e-01
1.562500e-01 3.193058e-01
3.125000e-01 2.973855e-01
4.687500e-01 2.818030e-01
6.250000e-01 2.691317e-01
7.812500e-01 2.576177e-01
9.375000e-01 2.473994e-01
1.093750e+00 2.397929e-01
1.250000e+00 2.316972e-01
1.406250e+00 2.238393e-01
1.562500e+00 2.177454e-01
1.718750e+00 2.121774e-01
1.875000e+00 2.064807e-01
2.031250e+00 1.999832e-01
2.187500e+00 1.936060e-01
2.343750e+00 1.874838e-01
2.500000e+00 1.810642e-01
2.656250e+00 1.754129e-01
2.812500e+00 1.694985e-01
2.968750e+00 1.636078e-01
3.125000e+00 1.584256e-01
3.281250e+00 1.530922e-01
3.437500e+00 1.488815e-01
3.593750e+00 1.447245e-01
3.750000e+00 1.404316e-01
3.906250e+00 1.364772e-01
4.062500e+00 1.329402e-01
4.218750e+00 1.297931e-01
4.375000e+00 1.263551e-01
4.531250e+00 1.232020e-01
4.687500e+00 1.204270e-01
4.843750e+00 1.171614e-01
5.000000e+00 1.132706e-01
5.156250e+00 1.099877e-01
5.312500e+00 1.069267e-01
5.468750e+00 1.028356e-01
5.625000e+00 9.953856e-02
5.781250e+00 9.610208e-02
5.937500e+00 9.305528e-02
6.093750e+00 8.967043e-02
6.250000e+00 8.708809e-02
6.406250e+00 8.399801e-02
6.562500e+00 8.130352e-02
6.718750e+00 7.883551e-02
6.875000e+00 7.602417e-02
7.031250e+00 7.449280e-02
7.187500e+00 7.281408e-02
7.343750e+00 7.082972e-02
7.500000e+00 6.901949e-02
7.656250e+00 6.757891e-02
7.812500e+00 6.623556e-02
7.968750e+00 6.468787e-02
8.125000e+00 6.314160e-02
8.281250e+00 6.135940e-02
8.437500e+00 5.980994e-02
8.593750e+00 5.853465e-02
8.750000e+00 5.673707e-02
8.906250e+00 5.529195e-02
9.062500e+00 5.379235e-02
9.218750e+00 5.217527e-02
9.375000e+00 5.086979e-02
9.531250e+00 4.937608e-02
9.687500e+00 4.794864e-02
9.843750e+00 4.660170e-02
1.000000e+01 4.535144e-02
1.015625e+01 4.380217e-02
1.031250e+01 4.227073e-02
1.046875e+01 4.045524e-02
1.062500e+01 3.908017e-02
1.078125e+01 3.770202e-02
1.093750e+01 3.593616e-02
1.109375e+01 3.477944e-02
1.125000e+01 3.308062e-02
1.140625e+01 3.192597e-02
1.156250e+01 3.078949e-02
1.171875e+01 2.968577e-02
1.187500e+01 2.858624e-02
1.203125e+01 2.781851e-02
1.218750e+01 2.677298e-02
1.234375e+01 2.537759e-02
1.250000e+01 2.437895e-02
1.265625e+01 2.319647e-02
1.281250e+01 2.207620e-02
1.296875e+01 2.114463e-02
1.312500e+01 2.019231e-02
1.328125e+01 1.947018e-02
1.343750e+01 1.858717e-02
1.359375e+01 1.761429e-02
1.375000e+01 1.716986e-02
1.390625e+01 1.653457e-02
1.406250e+01 1.592375e-02
1.421875e+01 1.505616e-02
1.437500e+01 1.447258e-02
1.453125e+01 1.391055e-02
1.468750e+01 1.344652e-02
1.484375e+01 1.274872e-02
1.500000e+01 1.239294e-02
1.515625e+01 1.189404e-02
1.531250e+01 1.143831e-02
1.546875e+01 1.095523e-02
1.562500e+01 1.038509e-02
1.578125e+01 9.881431e-03
1.593750e+01 9.326278e-03
1.609375e+01 8.949307e-03
1.625000e+01 8.661528e-03
1.640625e+01 8.342809e-03
1.656250e+01 8.172088e-03
1.671875e+01 7.905757e-03
1.687500e+01 7.703302e-03
1.703125e+01 7.561054e-03
1.718750e+01 7.434190e-03
1.734375e+01 7.271436e-03
1.750000e+01 6.929134e-03
1.765625e+01 6.726222e-03
1.781250e+01 6.556347e-03
1.796875e+01 6.339437e-03
1.812500e+01 6.113975e-03
1.828125e+01 6.033694e-03
1.843750e+01 5.950689e-03
1.859375e+01 5.835804e-03
1.875000e+01 5.742018e-03
1.890625e+01 5.624919e-03
1.906250e+01 5.442495e-03
1.921875e+01 5.342615e-03
1.937500e+01 5.273977e-03
1.953125e+01 5.185247e-03
1.968750e+01 5.113835e-03
1.984375e+01 5.042998e-03
2.000000e+01 4.978274e-03
2.015625e+01 4.927478e-03
2.031250e+01 4.887757e-03
2.046875e+01 4.810228e-03
2.062500e+01 4.681064e-03
2.078125e+01 4.534825e-03
2.093750e+01 4.433018e-03
2.109375e+01 4.306500e-03
2.125000e+01 4.170005e-03
2.140625e+01 4.092971e-03
2.156250e+01 3.941876e-03
2.171875e+01 3.838704e-03
2.187500e+01 3.734341e-03
2.203125e+01 3.662919e-03
2.218750e+01 3.569630e-03
2.234375e+01 3.529040e-03
2.250000e+01 3.474002e-03
2.265625e+01 3.341665e-03
2.281250e+01 3.298669e-03
2.296875e+01 3.224181e-03
2.312500e+01 3.150849e-03
2.328125e+01 3.117621e-03
2.343750e+01 3.066603e-03
2.359375e+01 3.009988e-03
2.375000e+01 2.951628e-03
2.390625e+01 2.905399e-03
2.406250e+01 2.816322e-03
2.421875e+01 2.752236e-03
2.437500e+01 2.656180e-03
2.453125e+01 2.501069e-03
2.468750e+01 2.352004e-03
2.484375e+01 2.249156e-03
2.500000e+01 2.166137e-03
2.515625e+01 2.092243e-03
2.531250e+01 2.039613e-03
2.546875e+01 1.984765e-03
2.562500e+01 1.918250e-03
2.578125e+01 1.854920e-03
2.593750e+01 1.785564e-03
2.609375e+01 1.534099e-03
2.625000e+01 1.410202e-03
2.640625e+01 1.370206e-03
2.656250e+01 1.310746e-03
2.671875e+01 1.265447e-03
2.687500e+01 1.225650e-03
2.703125e+01 1.172408e-03
2.718750e+01 1.091534e-03
2.734375e+01 1.033700e-03
2.750000e+01 9.528024e-04
2.765625e+01 8.853258e-04
2.781250e+01 8.358583e-04
2.796875e+01 7.665048e-04
2.812500e+01 6.667981e-04
2.828125e+01 5.956602e-04
2.843750e+01 5.452750e-04
2.859375e+01 5.197315e-04
2.875000e+01 4.901789e-04
2.890625e+01 4.392356e-04
2.906250e+01 4.161746e-04
2.921875e+01 4.046711e-04
2.937500e+01 3.822145e-04
2.953125e+01 3.774936e-04
2.968750e+01 3.705784e-04
2.984375e+01 3.672460e-04
3.000000e+01 3.650027e-04
3.015625e+01 3.629720e-04
3.031250e+01 3.604878e-04
3.046875e+01 3.580746e-04
3.062500e+01 3.531151e-04
3.078125e+01 3.424085e-04
3.093750e+01 3.390944e-04
3.109375e+01 3.372886e-04
3.125000e+01 3.340928e-04
3.140625e+01 3.302837e-04
3.156250e+01 3.253515e-04
3.171875e+01 3.193332e-04
3.187500e+01 3.138996e-04
3.203125e+01 3.103799e-04
3.218750e+01 3.004809e-04
3.234375e+01 2.899372e-04
3.250000e+01 2.813391e-04
3.265625e+01 2.768147e-04
3.281250e+01 2.689527e-04
3.296875e+01 2.484057e-04
3.312500e+01 2.381420e-04
3.328125e+01 2.326795e-04
3.343750e+01 2.238795e-04
3.359375e+01 2.089518e-04
3.375000e+01 2.037168e-04
3.390625e+01 1.992803e-04
3.406250e+01 1.945080e-04
3.421875e+01 1.835206e-04
3.437500e+01 1.775834e-04
3.453125e+01 1.741618e-04
3.468750e+01 1.687709e-04
3.484375e+01 1.495852e-04
3.500000e+01 1.163736e-04
3.515625e+01 1.018870e-04
3.531250e+01 7.786528e-05
3.546875e+01 6.887792e-05
3.562500e+01 6.306806e-05
3.578125e+01 6.023341e-05
3.593750e+01 5.570449e-05
3.609375e+01 5.317423e-05
3.625000e+01 5.163494e-05
3.640625e+01 4.887446e-05
3.656250e+01 4.709459e-05
3.671875e+01 4.419371e-05
3.687500e+01 3.828189e-05
3.703125e+01 3.288197e-05
3.718750e+01 3.031589e-05
3.734375e+01 2.313350e-05
3.750000e+01 1.698169e-05
3.765625e+01 9.659539e-06
3.781250e+01 9.609790e-06
3.796875e+01 9.491158e-06
3.812500e+01 9.207553e-06
3.828125e+01 8.864569e-06
3.843750e+01 8.505805e-06
3.859375e+01 8.146922e-06
3.875000e+01 7.881507e-06
3.890625e+01 6.997276e-06
3.906250e+01 6.819739e-06
3.921875e+01 6.617242e-06
3.937500e+01 6.555178e-06
3.953125e+01 6.486975e-06
3.968750e+01 6.300808e-06
3.984375e+01 5.375222e-06
4.000000e+01 4.991703e-06
4.015625e+01 4.190243e-06
4.031250e+01 6.772992e-07
4.046875e+01 6.593213e-07
4.062500e+01 6.254877e-07
4.078125e+01 5.936216e-07
4.093750e+01 5.781624e-07
4.109375e+01 5.332341e-07
4.125000e+01 4.383720e-07
4.140625e+01 4.345722e-07
4.156250e+01 4.332827e-07
4.171875e+01 4.327826e-07
4.187500e+01 4.323533e-07
4.203125e+01 4.316521e-07
4.218750e+01 4.306675e-07
4.234375e+01 4.296309e-07
4.250000e+01 4.238991e-07
4.265625e+01 4.229046e-07
4.281250e+01 4.197211e-07
4.296875e+01 4.118166e-07
4.312500e+01 4.045665e-07
4.328125e+01 3.928052e-07
4.343750e+01 3.574059e-07
4.359375e+01 2.156042e-07
4.375000e+01 1.846771e-07
4.390625e+01 1.037241e-07
4.406250e+01 8.138211e-08
4.421875e+01 5.443617e-08
4.437500e+01 3.889434e-08
4.453125e+01 2.236455e-11
4.468750e+01 2.928889e-12
4.484375e+01 2.884180e-12
4.500000e+01 2.859043e-12
4.515625e+01 2.844768e-12
4.531250e+01 2.836230e-12
4.546875e+01 2.832781e-12
4.562500e+01 2.830209e-12
4.578125e+01 2.824650e-12
4.593750e+01 2.810340e-12
4.609375e+01 2.803186e-12
4.625000e+01 2.765119e-12
4.640625e+01 2.699147e-12
4.656250e+01 2.682067e-12
4.671875e+01 2.673406e-12
4.687500e+01 2.668718e-12
4.703125e+01 2.653672e-12
4.718750e+01 2.633397e-12
4.734375e+01 2.588515e-12
4.750000e+01 2.542706e-12
4.765625e+01 2.252412e-12
4.781250e+01 2.189454e-12
4.796875e+01 2.161068e-12
4.812500e+01 2.130365e-12
4.828125e+01 2.022299e-12
4.843750e+01 1.930641e-12
4.859375e+01 1.900123e-12
4.875000e+01 1.812690e-12
4.890625e+01 1.632196e-12
4.906250e+01 1.558421e-12
4.921875e+01 1.530765e-12
4.937500e+01 1.488407e-12
4.953125e+01 1.477329e-12
4.968750e+01 1.462232e-12
4.984375e+01 1.452531e-12
5.000000e+01 1.413718e-12
5.015625e+01 1.386502e-12
5.031250e+01 1.367741e-12
5.046875e+01 1.345953e-12
5.062500e+01 1.330012e-12
5.078125e+01 1.303211e-12
5.093750e+01 1.256712e-12
5.109375e+01 1.177421e-12
5.125000e+01 1.109780e-12
5.140625e+01 1.023697e-12
5.156250e+01 1.007581e-12
5.171875e+01 9.195204e-13
5.187500e+01 8.609457e-13
5.203125e+01 8.459289e-13
5.218750e+01 8.370390e-13
5.234375e+01 8.210812e-13
5.250000e+01 7.945370e-13
5.265625e+01 7.695151e-13
5.281250e+01 7.484896e-13
5.296875e+01 7.032593e-13
5.312500e+01 6.698754e-13
5.328125e+01 5.776375e-13
5.343750e+01 5.677509e-13
5.359375e+01 5.163996e-13
5.375000e+01 3.099060e-13
5.390625e+01 2.380960e-13
5.406250e+01 2.309221e-13
5.421875e+01 2.263617e-13
5.437500e+01 2.192007e-13
5.453125e+01 2.085740e-13
5.468750e+01 2.074288e-13
5.484375e+01 2.066449e-13
5.500000e+01 2.061977e-13
5.515625e+01 2.013091e-13
5.531250e+01 1.879460e-13
5.546875e+01 1.852028e-13
5.562500e+01 1.843021e-13
5.578125e+01 1.830246e-13
5.593750e+01 1.825673e-13
5.609375e+01 1.811579e-13
5.625000e+01 1.802824e-13
5.640625e+01 1.797126e-13
5.656250e+01 1.785117e-13
5.671875e+01 1.752815e-13
5.687500e+01 1.704033e-13
5.703125e+01 1.691394e-13
5.718750e+01 1.673475e-13
5.734375e+01 1.602050e-13
5.750000e+01 1.386045e-13
5.765625e+01 9.940302e-14
5.781250e+01 4.469985e-14
5.796875e+01 2.229600e-15
5.812500e+01 1.403739e-15
5.828125e+01 1.287538e-15
5.843750e+01 1.165449e-15
5.859375e+01 8.465705e-16
5.875000e+01 2.736043e-16
5.890625e+01 1.271386e-16
5.906250e+01 2.298529e-17
5.921875e+01 5.346873e-18
5.937500e+01 4.235800e-18
5.953125e+01 3.222583e-18
5.968750e+01 2.905213e-18
5.984375e+01 2.397975e-18
6.000000e+01 2.313351e-18
6.015625e+01 2.223645e-18
6.031250e+01 2.195334e-18
6.046875e+01 2.173642e-18
6.062500e+01 2.058627e-18
6.078125e+01 1.505095e-18
6.093750e+01 6.173625e-19
6.109375e+01 3.897922e-19
6.125000e+01 3.065588e-19
6.140625e+01 2.685940e-19
6.156250e+01 1.243639e-24
6.171875e+01 1.029666e-29
6.187500e+01 5.450412e-34
6.203125e+01 1.488730e-59
6.218750e+01 1.506277e-74
6.234375e+01 6.629873e-75
6.250000e+01 5.210528e-75
6.265625e+01 4.600661e-75
6.281250e+01 2.852296e-75
6.296875e+01 1.681727e-75
6.312500e+01 3.625757e-111
6.328125e+01 3.593212e-111
6.343750e+01 3.557039e-111
6.359375e+01 3.537871e-111
6.375000e+01 3.522212e-111
6.390625e+01 3.465329e-111
6.406250e+01 3.006429e-111
6.421875e+01 2.934058e-111
6.437500e+01 2.883099e-111
6.453125e+01 2.842484e-111
6.468750e+01 2.818998e-111
6.484375e+01 2.807785e-111
6.500000e+01 2.800932e-111
6.515625e+01 2.795932e-111
6.531250e+01 2.790075e-111
6.546875e+01 2.782537e-111
6.562500e+01 2.769105e-111
6.578125e+01 2.753000e-111
6.593750e+01 2.167721e-111
6.609375e+01 1.464788e-111
6.625000e+01 1.449650e-111
6.640625e+01 1.442081e-111
6.656250e+01 1.427234e-111
6.671875e+01 1.403173e-111
6.687500e+01 1.351567e-111
6.703125e+01 1.248089e-111
6.718750e+01 9.770488e-112
6.734375e+01 2.710807e-112
6.750000e+01 1.146458e-112
6.765625e+01 4.383309e-118
6.781250e+01 7.508000e-140
6.796875e+01 1.357349e-152
6.812500e+01 1.785145e-169
6.828125e+01 8.453257e-193
6.843750e+01 0.000000e+00
6.859375e+01 0.000000e+00
6.875000e+01 0.000000e+00
6.890625e+01 0.000000e+00
6.906250e+01 0.000000e+00
6.921875e+01 0.000000e+00
6.937500e+01 0.000000e+00
6.953125e+01 0.000000e+00
6.968750e+01 0.000000e+00
6.984375e+01 0.000000e+00
7.000000e+01 0.000000e+00
7.015625e+01 0.000000e+00
7.031250e+01 0.000000e+00
7.046875e+01 0.000000e+00
7.062500e+01 0.000000e+00
7.078125e+01 0.000000e+00
7.093750e+01 0.000000e+00
7.109375e+01 0.000000e+00
7.125000e+01 0.000000e+00
7.140625e+01 0.000000e+00
7.156250e+01 0.000000e+00
7.171875e+01 0.000000e+00
7.187500e+01 0.000000e+00
7.203125e+01 0.000000e+00
7.218750e+01 0.000000e+00
7.234375e+01 0.000000e+00
7.250000e+01 0.000000e+00
7.265625e+01 0.000000e+00
7.281250e+01 0.000000e+00
7.296875e+01 0.000000e+00
7.312500e+01 0.000000e+00
7.328125e+01 0.000000e+00
7.343750e+01 0.000000e+00
7.359375e+01 0.000000e+00
7.375000e+01 0.000000e+00
7.390625e+01 0.000000e+00
7.406250e+01 0.000000e+00
7.421875e+01 0.000000e+00
7.437500e+01 0.000000e+00
7.453125e+01 0.000000e+00
7.468750e+01 0.000000e+00
7.484375e+01 0.000000e+00
7.500000e+01 0.000000e+00
7.515625e+01 0.000000e+00
7.531250e+01 0.000000e+00
7.546875e+01 0.000000e+00
7.562500e+01 0.000000e+00
7.578125e+01 0.000000e+00
7.593750e+01 0.000000e+00
7.609375e+01 0.000000e+00
7.625000e+01 0.000000e+00
7.640625e+01 0.000000e+00
7.656250e+01 0.000000e+00
7.671875e+01 0.000000e+00
7.687500e+01 0.000000e+00
7.703125e+01 0.000000e+00
7.718750e+01 0.000000e+00
7.734375e+01 0.000000e+00
7.750000e+01 0.000000e+00
7.765625e+01 0.000000e+00
7.781250e+01 0.000000e+00
7.796875e+01 0.000000e+00
7.812500e+01 0.000000e+00
7.828125e+01 0.000000e+00
7.843750e+01 0.000000e+00
7.859375e+01 0.000000e+00
7.875000e+01 0.000000e+00
7.890625e+01 0.000000e+00
7.906250e+01 0.000000e+00
7.921875e+01 0.000000e+00
7.937500e+01 0.000000e+00
7.953125e+01 0.000000e+00
7.968750e+01 0.000000e+00
7.984375e+01 0.000000e+00
