# x[h^-1_cMpc]  F_mean
0.000000e+00 6.698928e-01
1.562500e-01 6.445932e-01
3.125000e-01 6.243813e-01
4.687500e-01 6.107220e-01
6.250000e-01 5.988862e-01
7.812500e-01 5.884024e-01
9.375000e-01 5.796100e-01
1.093750e+00 5.698970e-01
1.250000e+00 5.621560e-01
1.406250e+00 5.536310e-01
1.562500e+00 5.452213e-01
1.718750e+00 5.378173e-01
1.875000e+00 5.315568e-01
2.031250e+00 5.239995e-01
2.187500e+00 5.176787e-01
2.343750e+00 5.106412e-01
2.500000e+00 5.035098e-01
2.656250e+00 4.958461e-01
2.812500e+00 4.891786e-01
2.968750e+00 4.817119e-01
3.125000e+00 4.743352e-01
3.281250e+00 4.674706e-01
3.437500e+00 4.621354e-01
3.593750e+00 4.575011e-01
3.750000e+00 4.527499e-01
3.906250e+00 4.463374e-01
4.062500e+00 4.412494e-01
4.218750e+00 4.345360e-01
4.375000e+00 4.295718e-01
4.531250e+00 4.253082e-01
4.687500e+00 4.214428e-01
4.843750e+00 4.164437e-01
5.000000e+00 4.115808e-01
5.156250e+00 4.081074e-01
5.312500e+00 4.047303e-01
5.468750e+00 4.010791e-01
5.625000e+00 3.965603e-01
5.781250e+00 3.930347e-01
5.937500e+00 3.896543e-01
6.093750e+00 3.865113e-01
6.250000e+00 3.828538e-01
6.406250e+00 3.792630e-01
6.562500e+00 3.766903e-01
6.718750e+00 3.734717e-01
6.875000e+00 3.699506e-01
7.031250e+00 3.664504e-01
7.187500e+00 3.628870e-01
7.343750e+00 3.588088e-01
7.500000e+00 3.547129e-01
7.656250e+00 3.520093e-01
7.812500e+00 3.488604e-01
7.968750e+00 3.451948e-01
8.125000e+00 3.425871e-01
8.281250e+00 3.395848e-01
8.437500e+00 3.373076e-01
8.593750e+00 3.349323e-01
8.750000e+00 3.327142e-01
8.906250e+00 3.304640e-01
9.062500e+00 3.282663e-01
9.218750e+00 3.254933e-01
9.375000e+00 3.230279e-01
9.531250e+00 3.206767e-01
9.687500e+00 3.181718e-01
9.843750e+00 3.163452e-01
1.000000e+01 3.145222e-01
1.015625e+01 3.127519e-01
1.031250e+01 3.101369e-01
1.046875e+01 3.080528e-01
1.062500e+01 3.054306e-01
1.078125e+01 3.020445e-01
1.093750e+01 2.989792e-01
1.109375e+01 2.970016e-01
1.125000e+01 2.941691e-01
1.140625e+01 2.924249e-01
1.156250e+01 2.905430e-01
1.171875e+01 2.875545e-01
1.187500e+01 2.853806e-01
1.203125e+01 2.825300e-01
1.218750e+01 2.802012e-01
1.234375e+01 2.778000e-01
1.250000e+01 2.749500e-01
1.265625e+01 2.718500e-01
1.281250e+01 2.699022e-01
1.296875e+01 2.680147e-01
1.312500e+01 2.650203e-01
1.328125e+01 2.624056e-01
1.343750e+01 2.596088e-01
1.359375e+01 2.573775e-01
1.375000e+01 2.553285e-01
1.390625e+01 2.529809e-01
1.406250e+01 2.505033e-01
1.421875e+01 2.477455e-01
1.437500e+01 2.453283e-01
1.453125e+01 2.430417e-01
1.468750e+01 2.414803e-01
1.484375e+01 2.394980e-01
1.500000e+01 2.370371e-01
1.515625e+01 2.346839e-01
1.531250e+01 2.322418e-01
1.546875e+01 2.299115e-01
1.562500e+01 2.278863e-01
1.578125e+01 2.257973e-01
1.593750e+01 2.240591e-01
1.609375e+01 2.215990e-01
1.625000e+01 2.197460e-01
1.640625e+01 2.184277e-01
1.656250e+01 2.166458e-01
1.671875e+01 2.149928e-01
1.687500e+01 2.133338e-01
1.703125e+01 2.113572e-01
1.718750e+01 2.100679e-01
1.734375e+01 2.086471e-01
1.750000e+01 2.073754e-01
1.765625e+01 2.056695e-01
1.781250e+01 2.036911e-01
1.796875e+01 2.023879e-01
1.812500e+01 2.013295e-01
1.828125e+01 2.003586e-01
1.843750e+01 1.994427e-01
1.859375e+01 1.985440e-01
1.875000e+01 1.971973e-01
1.890625e+01 1.957787e-01
1.906250e+01 1.944649e-01
1.921875e+01 1.932877e-01
1.937500e+01 1.916953e-01
1.953125e+01 1.907948e-01
1.968750e+01 1.895983e-01
1.984375e+01 1.885074e-01
2.000000e+01 1.875225e-01
2.015625e+01 1.864857e-01
2.031250e+01 1.848950e-01
2.046875e+01 1.834233e-01
2.062500e+01 1.816886e-01
2.078125e+01 1.792138e-01
2.093750e+01 1.776122e-01
2.109375e+01 1.756710e-01
2.125000e+01 1.733167e-01
2.140625e+01 1.713155e-01
2.156250e+01 1.693880e-01
2.171875e+01 1.676617e-01
2.187500e+01 1.663340e-01
2.203125e+01 1.650925e-01
2.218750e+01 1.640459e-01
2.234375e+01 1.618551e-01
2.250000e+01 1.596906e-01
2.265625e+01 1.580075e-01
2.281250e+01 1.565795e-01
2.296875e+01 1.544459e-01
2.312500e+01 1.526580e-01
2.328125e+01 1.513371e-01
2.343750e+01 1.496546e-01
2.359375e+01 1.486607e-01
2.375000e+01 1.476805e-01
2.390625e+01 1.463599e-01
2.406250e+01 1.451575e-01
2.421875e+01 1.431464e-01
2.437500e+01 1.418920e-01
2.453125e+01 1.402891e-01
2.468750e+01 1.392672e-01
2.484375e+01 1.377703e-01
2.500000e+01 1.354679e-01
2.515625e+01 1.338336e-01
2.531250e+01 1.326789e-01
2.546875e+01 1.313128e-01
2.562500e+01 1.299353e-01
2.578125e+01 1.288000e-01
2.593750e+01 1.275267e-01
2.609375e+01 1.262807e-01
2.625000e+01 1.252884e-01
2.640625e+01 1.242922e-01
2.656250e+01 1.235515e-01
2.671875e+01 1.228144e-01
2.687500e+01 1.219503e-01
2.703125e+01 1.205358e-01
2.718750e+01 1.192255e-01
2.734375e+01 1.180590e-01
2.750000e+01 1.168181e-01
2.765625e+01 1.149240e-01
2.781250e+01 1.137942e-01
2.796875e+01 1.128032e-01
2.812500e+01 1.113697e-01
2.828125e+01 1.100267e-01
2.843750e+01 1.081758e-01
2.859375e+01 1.064298e-01
2.875000e+01 1.042031e-01
2.890625e+01 1.030823e-01
2.906250e+01 1.021368e-01
2.921875e+01 1.011758e-01
2.937500e+01 1.006646e-01
2.953125e+01 1.001011e-01
2.968750e+01 9.925640e-02
2.984375e+01 9.848698e-02
3.000000e+01 9.744524e-02
3.015625e+01 9.674038e-02
3.031250e+01 9.577597e-02
3.046875e+01 9.501352e-02
3.062500e+01 9.429649e-02
3.078125e+01 9.360919e-02
3.093750e+01 9.288877e-02
3.109375e+01 9.189542e-02
3.125000e+01 9.065948e-02
3.140625e+01 9.008099e-02
3.156250e+01 8.941923e-02
3.171875e+01 8.860224e-02
3.187500e+01 8.760479e-02
3.203125e+01 8.592168e-02
3.218750e+01 8.457656e-02
3.234375e+01 8.291822e-02
3.250000e+01 8.134533e-02
3.265625e+01 8.019250e-02
3.281250e+01 7.913913e-02
3.296875e+01 7.782294e-02
3.312500e+01 7.627546e-02
3.328125e+01 7.552010e-02
3.343750e+01 7.467274e-02
3.359375e+01 7.406156e-02
3.375000e+01 7.309620e-02
3.390625e+01 7.239404e-02
3.406250e+01 7.187865e-02
3.421875e+01 7.118556e-02
3.437500e+01 7.065069e-02
3.453125e+01 7.022338e-02
3.468750e+01 6.964166e-02
3.484375e+01 6.865878e-02
3.500000e+01 6.791161e-02
3.515625e+01 6.726283e-02
3.531250e+01 6.657960e-02
3.546875e+01 6.586100e-02
3.562500e+01 6.478568e-02
3.578125e+01 6.402649e-02
3.593750e+01 6.340834e-02
3.609375e+01 6.238348e-02
3.625000e+01 6.192261e-02
3.640625e+01 6.109416e-02
3.656250e+01 6.045901e-02
3.671875e+01 5.983337e-02
3.687500e+01 5.890868e-02
3.703125e+01 5.829821e-02
3.718750e+01 5.779571e-02
3.734375e+01 5.723484e-02
3.750000e+01 5.667816e-02
3.765625e+01 5.610168e-02
3.781250e+01 5.529076e-02
3.796875e+01 5.469800e-02
3.812500e+01 5.432247e-02
3.828125e+01 5.373793e-02
3.843750e+01 5.343762e-02
3.859375e+01 5.300783e-02
3.875000e+01 5.262741e-02
3.890625e+01 5.236894e-02
3.906250e+01 5.204319e-02
3.921875e+01 5.183176e-02
3.937500e+01 5.157037e-02
3.953125e+01 5.116979e-02
3.968750e+01 5.086890e-02
3.984375e+01 5.045442e-02
4.000000e+01 5.013589e-02
4.015625e+01 4.946636e-02
4.031250e+01 4.901678e-02
4.046875e+01 4.838211e-02
4.062500e+01 4.791840e-02
4.078125e+01 4.740679e-02
4.093750e+01 4.685338e-02
4.109375e+01 4.650888e-02
4.125000e+01 4.602611e-02
4.140625e+01 4.542546e-02
4.156250e+01 4.488603e-02
4.171875e+01 4.452500e-02
4.187500e+01 4.431744e-02
4.203125e+01 4.402912e-02
4.218750e+01 4.372914e-02
4.234375e+01 4.342795e-02
4.250000e+01 4.315726e-02
4.265625e+01 4.296930e-02
4.281250e+01 4.273472e-02
4.296875e+01 4.253166e-02
4.312500e+01 4.229184e-02
4.328125e+01 4.205158e-02
4.343750e+01 4.174810e-02
4.359375e+01 4.149629e-02
4.375000e+01 4.123787e-02
4.390625e+01 4.065015e-02
4.406250e+01 4.029151e-02
4.421875e+01 3.994669e-02
4.437500e+01 3.958350e-02
4.453125e+01 3.925626e-02
4.468750e+01 3.860697e-02
4.484375e+01 3.815862e-02
4.500000e+01 3.746963e-02
4.515625e+01 3.651850e-02
4.531250e+01 3.551080e-02
4.546875e+01 3.493742e-02
4.562500e+01 3.446105e-02
4.578125e+01 3.369020e-02
4.593750e+01 3.332636e-02
4.609375e+01 3.285357e-02
4.625000e+01 3.258899e-02
4.640625e+01 3.228357e-02
4.656250e+01 3.186798e-02
4.671875e+01 3.155145e-02
4.687500e+01 3.128733e-02
4.703125e+01 3.099054e-02
4.718750e+01 3.057029e-02
4.734375e+01 3.011546e-02
4.750000e+01 2.976664e-02
4.765625e+01 2.910122e-02
4.781250e+01 2.884953e-02
4.796875e+01 2.832886e-02
4.812500e+01 2.778839e-02
4.828125e+01 2.741296e-02
4.843750e+01 2.728504e-02
4.859375e+01 2.714291e-02
4.875000e+01 2.700385e-02
4.890625e+01 2.678846e-02
4.906250e+01 2.655242e-02
4.921875e+01 2.617633e-02
4.937500e+01 2.583848e-02
4.953125e+01 2.567643e-02
4.968750e+01 2.555421e-02
4.984375e+01 2.540432e-02
5.000000e+01 2.529914e-02
5.015625e+01 2.516442e-02
5.031250e+01 2.501260e-02
5.046875e+01 2.478494e-02
5.062500e+01 2.468156e-02
5.078125e+01 2.457706e-02
5.093750e+01 2.448519e-02
5.109375e+01 2.439752e-02
5.125000e+01 2.425682e-02
5.140625e+01 2.408270e-02
5.156250e+01 2.396322e-02
5.171875e+01 2.383107e-02
5.187500e+01 2.369179e-02
5.203125e+01 2.343895e-02
5.218750e+01 2.300250e-02
5.234375e+01 2.275841e-02
5.250000e+01 2.247360e-02
5.265625e+01 2.202182e-02
5.281250e+01 2.186676e-02
5.296875e+01 2.157647e-02
5.312500e+01 2.140622e-02
5.328125e+01 2.108136e-02
5.343750e+01 2.084519e-02
5.359375e+01 2.067681e-02
5.375000e+01 2.052229e-02
5.390625e+01 2.041224e-02
5.406250e+01 2.022919e-02
5.421875e+01 2.010449e-02
5.437500e+01 1.999639e-02
5.453125e+01 1.964320e-02
5.468750e+01 1.950679e-02
5.484375e+01 1.931508e-02
5.500000e+01 1.923714e-02
5.515625e+01 1.917020e-02
5.531250e+01 1.901510e-02
5.546875e+01 1.880594e-02
5.562500e+01 1.869788e-02
5.578125e+01 1.859950e-02
5.593750e+01 1.842911e-02
5.609375e+01 1.819424e-02
5.625000e+01 1.799508e-02
5.640625e+01 1.766937e-02
5.656250e+01 1.741566e-02
5.671875e+01 1.717175e-02
5.687500e+01 1.694976e-02
5.703125e+01 1.668219e-02
5.718750e+01 1.647483e-02
5.734375e+01 1.620754e-02
5.750000e+01 1.579818e-02
5.765625e+01 1.543772e-02
5.781250e+01 1.501666e-02
5.796875e+01 1.451347e-02
5.812500e+01 1.395622e-02
5.828125e+01 1.325029e-02
5.843750e+01 1.250826e-02
5.859375e+01 1.215601e-02
5.875000e+01 1.189766e-02
5.890625e+01 1.173085e-02
5.906250e+01 1.139945e-02
5.921875e+01 1.107397e-02
5.937500e+01 1.090673e-02
5.953125e+01 1.069508e-02
5.968750e+01 1.029661e-02
5.984375e+01 9.765907e-03
6.000000e+01 9.215196e-03
6.015625e+01 8.905804e-03
6.031250e+01 8.764725e-03
6.046875e+01 8.628770e-03
6.062500e+01 8.501430e-03
6.078125e+01 8.324994e-03
6.093750e+01 8.088769e-03
6.109375e+01 7.950959e-03
6.125000e+01 7.761039e-03
6.140625e+01 7.541551e-03
6.156250e+01 7.380499e-03
6.171875e+01 7.028118e-03
6.187500e+01 6.933642e-03
6.203125e+01 6.880389e-03
6.218750e+01 6.802991e-03
6.234375e+01 6.645724e-03
6.250000e+01 6.556076e-03
6.265625e+01 6.420834e-03
6.281250e+01 6.217893e-03
6.296875e+01 6.141515e-03
6.312500e+01 6.036920e-03
6.328125e+01 5.939490e-03
6.343750e+01 5.920656e-03
6.359375e+01 5.870532e-03
6.375000e+01 5.854705e-03
6.390625e+01 5.807194e-03
6.406250e+01 5.793928e-03
6.421875e+01 5.783240e-03
6.437500e+01 5.765542e-03
6.453125e+01 5.745168e-03
6.468750e+01 5.672018e-03
6.484375e+01 5.588583e-03
6.500000e+01 5.538876e-03
6.515625e+01 5.495054e-03
6.531250e+01 5.449307e-03
6.546875e+01 5.404096e-03
6.562500e+01 5.323405e-03
6.578125e+01 5.202129e-03
6.593750e+01 5.039827e-03
6.609375e+01 4.846803e-03
6.625000e+01 4.830677e-03
6.640625e+01 4.810531e-03
6.656250e+01 4.756738e-03
6.671875e+01 4.740833e-03
6.687500e+01 4.708741e-03
6.703125e+01 4.666061e-03
6.718750e+01 4.646010e-03
6.734375e+01 4.593813e-03
6.750000e+01 4.573866e-03
6.765625e+01 4.556121e-03
6.781250e+01 4.532227e-03
6.796875e+01 4.519169e-03
6.812500e+01 4.509395e-03
6.828125e+01 4.496496e-03
6.843750e+01 4.471076e-03
6.859375e+01 4.450852e-03
6.875000e+01 4.439483e-03
6.890625e+01 4.431143e-03
6.906250e+01 4.422696e-03
6.921875e+01 4.404281e-03
6.937500e+01 4.392514e-03
6.953125e+01 4.380982e-03
6.968750e+01 4.364079e-03
6.984375e+01 4.356695e-03
7.000000e+01 4.352986e-03
7.015625e+01 4.349150e-03
7.031250e+01 4.345029e-03
7.046875e+01 4.340167e-03
7.062500e+01 4.334885e-03
7.078125e+01 4.331883e-03
7.093750e+01 4.329939e-03
7.109375e+01 4.324837e-03
7.125000e+01 4.322062e-03
7.140625e+01 4.317963e-03
7.156250e+01 4.311063e-03
7.171875e+01 4.308753e-03
7.187500e+01 4.303831e-03
7.203125e+01 4.293125e-03
7.218750e+01 4.288110e-03
7.234375e+01 4.277172e-03
7.250000e+01 4.266591e-03
7.265625e+01 4.260022e-03
7.281250e+01 4.247973e-03
7.296875e+01 4.230732e-03
7.312500e+01 4.224190e-03
7.328125e+01 4.220057e-03
7.343750e+01 4.214566e-03
7.359375e+01 4.209684e-03
7.375000e+01 4.200480e-03
7.390625e+01 4.197195e-03
7.406250e+01 4.193594e-03
7.421875e+01 4.190225e-03
7.437500e+01 4.186671e-03
7.453125e+01 4.182818e-03
7.468750e+01 4.168259e-03
7.484375e+01 4.161192e-03
7.500000e+01 4.156354e-03
7.515625e+01 4.152748e-03
7.531250e+01 4.146539e-03
7.546875e+01 4.140100e-03
7.562500e+01 4.133316e-03
7.578125e+01 4.123888e-03
7.593750e+01 4.119883e-03
7.609375e+01 4.114063e-03
7.625000e+01 4.106475e-03
7.640625e+01 4.095416e-03
7.656250e+01 4.089442e-03
7.671875e+01 4.075429e-03
7.687500e+01 4.066510e-03
7.703125e+01 4.030592e-03
7.718750e+01 4.013943e-03
7.734375e+01 4.003446e-03
7.750000e+01 3.996901e-03
7.765625e+01 3.992008e-03
7.781250e+01 3.984438e-03
7.796875e+01 3.972463e-03
7.812500e+01 3.968404e-03
7.828125e+01 3.960246e-03
7.843750e+01 3.953364e-03
7.859375e+01 3.936301e-03
7.875000e+01 3.929825e-03
7.890625e+01 3.922496e-03
7.906250e+01 3.909167e-03
7.921875e+01 3.901982e-03
7.937500e+01 3.895957e-03
7.953125e+01 3.885862e-03
7.968750e+01 3.879633e-03
7.984375e+01 3.872291e-03
