# x[h^-1_cMpc]  F_mean
0.000000e+00 1.720892e-02
1.562500e-01 9.241885e-03
3.125000e-01 5.014774e-03
4.687500e-01 3.069774e-03
6.250000e-01 1.383096e-03
7.812500e-01 7.985368e-04
9.375000e-01 5.224689e-04
1.093750e+00 3.245041e-04
1.250000e+00 1.800844e-04
1.406250e+00 1.528879e-04
1.562500e+00 1.156989e-04
1.718750e+00 9.688843e-05
1.875000e+00 8.106202e-05
2.031250e+00 7.611801e-05
2.187500e+00 6.590995e-05
2.343750e+00 2.877778e-05
2.500000e+00 1.453113e-05
2.656250e+00 2.009288e-06
2.812500e+00 1.733884e-06
2.968750e+00 1.338548e-06
3.125000e+00 1.211305e-07
3.281250e+00 9.748735e-08
3.437500e+00 8.949220e-08
3.593750e+00 6.765805e-08
3.750000e+00 3.813411e-08
3.906250e+00 2.325876e-08
4.062500e+00 1.449977e-08
4.218750e+00 1.145195e-08
4.375000e+00 7.669075e-09
4.531250e+00 3.356334e-09
4.687500e+00 2.086674e-09
4.843750e+00 1.346899e-12
5.000000e+00 2.492516e-13
5.156250e+00 1.903806e-13
5.312500e+00 1.563147e-13
5.468750e+00 1.220766e-13
5.625000e+00 5.175553e-14
5.781250e+00 1.955682e-14
5.937500e+00 8.040746e-15
6.093750e+00 1.734739e-15
6.250000e+00 3.506835e-17
6.406250e+00 2.602134e-17
6.562500e+00 1.840607e-17
6.718750e+00 1.246571e-17
6.875000e+00 2.029651e-18
7.031250e+00 9.598992e-20
7.187500e+00 3.481727e-20
7.343750e+00 2.678639e-20
7.500000e+00 2.039883e-20
7.656250e+00 9.186002e-21
7.812500e+00 5.444198e-21
7.968750e+00 4.310873e-21
8.125000e+00 2.750875e-21
8.281250e+00 1.251470e-21
8.437500e+00 1.024189e-21
8.593750e+00 9.073473e-22
8.750000e+00 7.085094e-22
8.906250e+00 3.753617e-22
9.062500e+00 2.162483e-28
9.218750e+00 1.521091e-29
9.375000e+00 1.349126e-29
9.531250e+00 1.191056e-29
9.687500e+00 1.030859e-29
9.843750e+00 6.746281e-30
1.000000e+01 1.586012e-30
1.015625e+01 9.488921e-31
1.031250e+01 7.594047e-31
1.046875e+01 5.814553e-31
1.062500e+01 4.943345e-31
1.078125e+01 1.097253e-32
1.093750e+01 1.563438e-34
1.109375e+01 9.175706e-38
1.125000e+01 4.931323e-44
1.140625e+01 3.457856e-52
1.156250e+01 3.022527e-61
1.171875e+01 9.692798e-67
1.187500e+01 7.307779e-72
1.203125e+01 1.677970e-84
1.218750e+01 1.448509e-84
1.234375e+01 1.162244e-84
1.250000e+01 1.444656e-85
1.265625e+01 7.007806e-90
1.281250e+01 4.031088e-120
1.296875e+01 6.111737e-121
1.312500e+01 1.537113e-121
1.328125e+01 1.429198e-122
1.343750e+01 1.105403e-123
1.359375e+01 4.535686e-140
1.375000e+01 2.118159e-141
1.390625e+01 5.778599e-143
1.406250e+01 4.500762e-144
1.421875e+01 9.042973e-145
1.437500e+01 5.092185e-145
1.453125e+01 1.700487e-150
1.468750e+01 2.107527e-156
1.484375e+01 1.655328e-162
1.500000e+01 1.350051e-180
1.515625e+01 2.647604e-193
1.531250e+01 1.848781e-193
1.546875e+01 1.590528e-193
1.562500e+01 1.171614e-193
1.578125e+01 5.556549e-194
1.593750e+01 1.035313e-194
1.609375e+01 4.948519e-205
1.625000e+01 1.742311e-207
1.640625e+01 6.447947e-209
1.656250e+01 1.093090e-209
1.671875e+01 2.968448e-210
1.687500e+01 1.534574e-210
1.703125e+01 1.196481e-210
1.718750e+01 3.433883e-211
1.734375e+01 6.430619e-212
1.750000e+01 1.196529e-212
1.765625e+01 5.332373e-214
1.781250e+01 1.765449e-217
1.796875e+01 2.150975e-219
1.812500e+01 6.293051e-220
1.828125e+01 2.758720e-220
1.843750e+01 1.813342e-220
1.859375e+01 1.196554e-220
1.875000e+01 1.121960e-220
1.890625e+01 1.036397e-220
1.906250e+01 6.332419e-221
1.921875e+01 1.703961e-221
1.937500e+01 1.197019e-222
1.953125e+01 7.889217e-224
1.968750e+01 3.361671e-224
1.984375e+01 1.086000e-224
2.000000e+01 8.325560e-225
2.015625e+01 5.641356e-225
2.031250e+01 5.425456e-226
2.046875e+01 3.317224e-227
2.062500e+01 2.699704e-227
2.078125e+01 5.920103e-228
2.093750e+01 2.310023e-229
2.109375e+01 9.415380e-230
2.125000e+01 5.689038e-230
2.140625e+01 4.229058e-231
2.156250e+01 9.041960e-232
2.171875e+01 6.605618e-232
2.187500e+01 2.987979e-232
2.203125e+01 2.391039e-232
2.218750e+01 1.676006e-232
2.234375e+01 1.145049e-232
2.250000e+01 3.604039e-234
2.265625e+01 2.017888e-235
2.281250e+01 1.414107e-236
2.296875e+01 1.218340e-236
2.312500e+01 1.056024e-236
2.328125e+01 9.104394e-237
2.343750e+01 5.238977e-237
2.359375e+01 3.562948e-237
2.375000e+01 2.631579e-237
2.390625e+01 1.650820e-237
2.406250e+01 8.808967e-238
2.421875e+01 2.418223e-238
2.437500e+01 9.028719e-241
2.453125e+01 3.548376e-249
2.468750e+01 2.847676e-250
2.484375e+01 5.484112e-251
2.500000e+01 1.277998e-251
2.515625e+01 3.167410e-288
2.531250e+01 1.976263e-323
2.546875e+01 0.000000e+00
2.562500e+01 0.000000e+00
2.578125e+01 0.000000e+00
2.593750e+01 0.000000e+00
2.609375e+01 0.000000e+00
2.625000e+01 0.000000e+00
2.640625e+01 0.000000e+00
2.656250e+01 0.000000e+00
2.671875e+01 0.000000e+00
2.687500e+01 0.000000e+00
2.703125e+01 0.000000e+00
2.718750e+01 0.000000e+00
2.734375e+01 0.000000e+00
2.750000e+01 0.000000e+00
2.765625e+01 0.000000e+00
2.781250e+01 0.000000e+00
2.796875e+01 0.000000e+00
2.812500e+01 0.000000e+00
2.828125e+01 0.000000e+00
2.843750e+01 0.000000e+00
2.859375e+01 0.000000e+00
2.875000e+01 0.000000e+00
2.890625e+01 0.000000e+00
2.906250e+01 0.000000e+00
2.921875e+01 0.000000e+00
2.937500e+01 0.000000e+00
2.953125e+01 0.000000e+00
2.968750e+01 0.000000e+00
2.984375e+01 0.000000e+00
3.000000e+01 0.000000e+00
3.015625e+01 0.000000e+00
3.031250e+01 0.000000e+00
3.046875e+01 0.000000e+00
3.062500e+01 0.000000e+00
3.078125e+01 0.000000e+00
3.093750e+01 0.000000e+00
3.109375e+01 0.000000e+00
3.125000e+01 0.000000e+00
3.140625e+01 0.000000e+00
3.156250e+01 0.000000e+00
3.171875e+01 0.000000e+00
3.187500e+01 0.000000e+00
3.203125e+01 0.000000e+00
3.218750e+01 0.000000e+00
3.234375e+01 0.000000e+00
3.250000e+01 0.000000e+00
3.265625e+01 0.000000e+00
3.281250e+01 0.000000e+00
3.296875e+01 0.000000e+00
3.312500e+01 0.000000e+00
3.328125e+01 0.000000e+00
3.343750e+01 0.000000e+00
3.359375e+01 0.000000e+00
3.375000e+01 0.000000e+00
3.390625e+01 0.000000e+00
3.406250e+01 0.000000e+00
3.421875e+01 0.000000e+00
3.437500e+01 0.000000e+00
3.453125e+01 0.000000e+00
3.468750e+01 0.000000e+00
3.484375e+01 0.000000e+00
3.500000e+01 0.000000e+00
3.515625e+01 0.000000e+00
3.531250e+01 0.000000e+00
3.546875e+01 0.000000e+00
3.562500e+01 0.000000e+00
3.578125e+01 0.000000e+00
3.593750e+01 0.000000e+00
3.609375e+01 0.000000e+00
3.625000e+01 0.000000e+00
3.640625e+01 0.000000e+00
3.656250e+01 0.000000e+00
3.671875e+01 0.000000e+00
3.687500e+01 0.000000e+00
3.703125e+01 0.000000e+00
3.718750e+01 0.000000e+00
3.734375e+01 0.000000e+00
3.750000e+01 0.000000e+00
3.765625e+01 0.000000e+00
3.781250e+01 0.000000e+00
3.796875e+01 0.000000e+00
3.812500e+01 0.000000e+00
3.828125e+01 0.000000e+00
3.843750e+01 0.000000e+00
3.859375e+01 0.000000e+00
3.875000e+01 0.000000e+00
3.890625e+01 0.000000e+00
3.906250e+01 0.000000e+00
3.921875e+01 0.000000e+00
3.937500e+01 0.000000e+00
3.953125e+01 0.000000e+00
3.968750e+01 0.000000e+00
3.984375e+01 0.000000e+00
4.000000e+01 0.000000e+00
4.015625e+01 0.000000e+00
4.031250e+01 0.000000e+00
4.046875e+01 0.000000e+00
4.062500e+01 0.000000e+00
4.078125e+01 0.000000e+00
4.093750e+01 0.000000e+00
4.109375e+01 0.000000e+00
4.125000e+01 0.000000e+00
4.140625e+01 0.000000e+00
4.156250e+01 0.000000e+00
4.171875e+01 0.000000e+00
4.187500e+01 0.000000e+00
4.203125e+01 0.000000e+00
4.218750e+01 0.000000e+00
4.234375e+01 0.000000e+00
4.250000e+01 0.000000e+00
4.265625e+01 0.000000e+00
4.281250e+01 0.000000e+00
4.296875e+01 0.000000e+00
4.312500e+01 0.000000e+00
4.328125e+01 0.000000e+00
4.343750e+01 0.000000e+00
4.359375e+01 0.000000e+00
4.375000e+01 0.000000e+00
4.390625e+01 0.000000e+00
4.406250e+01 0.000000e+00
4.421875e+01 0.000000e+00
4.437500e+01 0.000000e+00
4.453125e+01 0.000000e+00
4.468750e+01 0.000000e+00
4.484375e+01 0.000000e+00
4.500000e+01 0.000000e+00
4.515625e+01 0.000000e+00
4.531250e+01 0.000000e+00
4.546875e+01 0.000000e+00
4.562500e+01 0.000000e+00
4.578125e+01 0.000000e+00
4.593750e+01 0.000000e+00
4.609375e+01 0.000000e+00
4.625000e+01 0.000000e+00
4.640625e+01 0.000000e+00
4.656250e+01 0.000000e+00
4.671875e+01 0.000000e+00
4.687500e+01 0.000000e+00
4.703125e+01 0.000000e+00
4.718750e+01 0.000000e+00
4.734375e+01 0.000000e+00
4.750000e+01 0.000000e+00
4.765625e+01 0.000000e+00
4.781250e+01 0.000000e+00
4.796875e+01 0.000000e+00
4.812500e+01 0.000000e+00
4.828125e+01 0.000000e+00
4.843750e+01 0.000000e+00
4.859375e+01 0.000000e+00
4.875000e+01 0.000000e+00
4.890625e+01 0.000000e+00
4.906250e+01 0.000000e+00
4.921875e+01 0.000000e+00
4.937500e+01 0.000000e+00
4.953125e+01 0.000000e+00
4.968750e+01 0.000000e+00
4.984375e+01 0.000000e+00
5.000000e+01 0.000000e+00
5.015625e+01 0.000000e+00
5.031250e+01 0.000000e+00
5.046875e+01 0.000000e+00
5.062500e+01 0.000000e+00
5.078125e+01 0.000000e+00
5.093750e+01 0.000000e+00
5.109375e+01 0.000000e+00
5.125000e+01 0.000000e+00
5.140625e+01 0.000000e+00
5.156250e+01 0.000000e+00
5.171875e+01 0.000000e+00
5.187500e+01 0.000000e+00
5.203125e+01 0.000000e+00
5.218750e+01 0.000000e+00
5.234375e+01 0.000000e+00
5.250000e+01 0.000000e+00
5.265625e+01 0.000000e+00
5.281250e+01 0.000000e+00
5.296875e+01 0.000000e+00
5.312500e+01 0.000000e+00
5.328125e+01 0.000000e+00
5.343750e+01 0.000000e+00
5.359375e+01 0.000000e+00
5.375000e+01 0.000000e+00
5.390625e+01 0.000000e+00
5.406250e+01 0.000000e+00
5.421875e+01 0.000000e+00
5.437500e+01 0.000000e+00
5.453125e+01 0.000000e+00
5.468750e+01 0.000000e+00
5.484375e+01 0.000000e+00
5.500000e+01 0.000000e+00
5.515625e+01 0.000000e+00
5.531250e+01 0.000000e+00
5.546875e+01 0.000000e+00
5.562500e+01 0.000000e+00
5.578125e+01 0.000000e+00
5.593750e+01 0.000000e+00
5.609375e+01 0.000000e+00
5.625000e+01 0.000000e+00
5.640625e+01 0.000000e+00
5.656250e+01 0.000000e+00
5.671875e+01 0.000000e+00
5.687500e+01 0.000000e+00
5.703125e+01 0.000000e+00
5.718750e+01 0.000000e+00
5.734375e+01 0.000000e+00
5.750000e+01 0.000000e+00
5.765625e+01 0.000000e+00
5.781250e+01 0.000000e+00
5.796875e+01 0.000000e+00
5.812500e+01 0.000000e+00
5.828125e+01 0.000000e+00
5.843750e+01 0.000000e+00
5.859375e+01 0.000000e+00
5.875000e+01 0.000000e+00
5.890625e+01 0.000000e+00
5.906250e+01 0.000000e+00
5.921875e+01 0.000000e+00
5.937500e+01 0.000000e+00
5.953125e+01 0.000000e+00
5.968750e+01 0.000000e+00
5.984375e+01 0.000000e+00
6.000000e+01 0.000000e+00
6.015625e+01 0.000000e+00
6.031250e+01 0.000000e+00
6.046875e+01 0.000000e+00
6.062500e+01 0.000000e+00
6.078125e+01 0.000000e+00
6.093750e+01 0.000000e+00
6.109375e+01 0.000000e+00
6.125000e+01 0.000000e+00
6.140625e+01 0.000000e+00
6.156250e+01 0.000000e+00
6.171875e+01 0.000000e+00
6.187500e+01 0.000000e+00
6.203125e+01 0.000000e+00
6.218750e+01 0.000000e+00
6.234375e+01 0.000000e+00
6.250000e+01 0.000000e+00
6.265625e+01 0.000000e+00
6.281250e+01 0.000000e+00
6.296875e+01 0.000000e+00
6.312500e+01 0.000000e+00
6.328125e+01 0.000000e+00
6.343750e+01 0.000000e+00
6.359375e+01 0.000000e+00
6.375000e+01 0.000000e+00
6.390625e+01 0.000000e+00
6.406250e+01 0.000000e+00
6.421875e+01 0.000000e+00
6.437500e+01 0.000000e+00
6.453125e+01 0.000000e+00
6.468750e+01 0.000000e+00
6.484375e+01 0.000000e+00
6.500000e+01 0.000000e+00
6.515625e+01 0.000000e+00
6.531250e+01 0.000000e+00
6.546875e+01 0.000000e+00
6.562500e+01 0.000000e+00
6.578125e+01 0.000000e+00
6.593750e+01 0.000000e+00
6.609375e+01 0.000000e+00
6.625000e+01 0.000000e+00
6.640625e+01 0.000000e+00
6.656250e+01 0.000000e+00
6.671875e+01 0.000000e+00
6.687500e+01 0.000000e+00
6.703125e+01 0.000000e+00
6.718750e+01 0.000000e+00
6.734375e+01 0.000000e+00
6.750000e+01 0.000000e+00
6.765625e+01 0.000000e+00
6.781250e+01 0.000000e+00
6.796875e+01 0.000000e+00
6.812500e+01 0.000000e+00
6.828125e+01 0.000000e+00
6.843750e+01 0.000000e+00
6.859375e+01 0.000000e+00
6.875000e+01 0.000000e+00
6.890625e+01 0.000000e+00
6.906250e+01 0.000000e+00
6.921875e+01 0.000000e+00
6.937500e+01 0.000000e+00
6.953125e+01 0.000000e+00
6.968750e+01 0.000000e+00
6.984375e+01 0.000000e+00
7.000000e+01 0.000000e+00
7.015625e+01 0.000000e+00
7.031250e+01 0.000000e+00
7.046875e+01 0.000000e+00
7.062500e+01 0.000000e+00
7.078125e+01 0.000000e+00
7.093750e+01 0.000000e+00
7.109375e+01 0.000000e+00
7.125000e+01 0.000000e+00
7.140625e+01 0.000000e+00
7.156250e+01 0.000000e+00
7.171875e+01 0.000000e+00
7.187500e+01 0.000000e+00
7.203125e+01 0.000000e+00
7.218750e+01 0.000000e+00
7.234375e+01 0.000000e+00
7.250000e+01 0.000000e+00
7.265625e+01 0.000000e+00
7.281250e+01 0.000000e+00
7.296875e+01 0.000000e+00
7.312500e+01 0.000000e+00
7.328125e+01 0.000000e+00
7.343750e+01 0.000000e+00
7.359375e+01 0.000000e+00
7.375000e+01 0.000000e+00
7.390625e+01 0.000000e+00
7.406250e+01 0.000000e+00
7.421875e+01 0.000000e+00
7.437500e+01 0.000000e+00
7.453125e+01 0.000000e+00
7.468750e+01 0.000000e+00
7.484375e+01 0.000000e+00
7.500000e+01 0.000000e+00
7.515625e+01 0.000000e+00
7.531250e+01 0.000000e+00
7.546875e+01 0.000000e+00
7.562500e+01 0.000000e+00
7.578125e+01 0.000000e+00
7.593750e+01 0.000000e+00
7.609375e+01 0.000000e+00
7.625000e+01 0.000000e+00
7.640625e+01 0.000000e+00
7.656250e+01 0.000000e+00
7.671875e+01 0.000000e+00
7.687500e+01 0.000000e+00
7.703125e+01 0.000000e+00
7.718750e+01 0.000000e+00
7.734375e+01 0.000000e+00
7.750000e+01 0.000000e+00
7.765625e+01 0.000000e+00
7.781250e+01 0.000000e+00
7.796875e+01 0.000000e+00
7.812500e+01 0.000000e+00
7.828125e+01 0.000000e+00
7.843750e+01 0.000000e+00
7.859375e+01 0.000000e+00
7.875000e+01 0.000000e+00
7.890625e+01 0.000000e+00
7.906250e+01 0.000000e+00
7.921875e+01 0.000000e+00
7.937500e+01 0.000000e+00
7.953125e+01 0.000000e+00
7.968750e+01 0.000000e+00
7.984375e+01 0.000000e+00
