# x[h^-1_cMpc]  F_mean
0.000000e+00 6.333782e-02
1.562500e-01 4.215185e-02
3.125000e-01 2.898325e-02
4.687500e-01 2.184752e-02
6.250000e-01 1.647741e-02
7.812500e-01 1.256424e-02
9.375000e-01 8.015072e-03
1.093750e+00 5.449018e-03
1.250000e+00 4.384551e-03
1.406250e+00 3.151388e-03
1.562500e+00 2.272844e-03
1.718750e+00 1.870748e-03
1.875000e+00 1.614773e-03
2.031250e+00 1.314837e-03
2.187500e+00 9.722057e-04
2.343750e+00 7.170661e-04
2.500000e+00 5.975135e-04
2.656250e+00 5.228579e-04
2.812500e+00 4.149584e-04
2.968750e+00 3.132924e-04
3.125000e+00 2.535172e-04
3.281250e+00 2.048833e-04
3.437500e+00 1.768891e-04
3.593750e+00 1.460913e-04
3.750000e+00 1.081862e-04
3.906250e+00 9.641910e-05
4.062500e+00 8.674467e-05
4.218750e+00 5.268206e-05
4.375000e+00 4.097059e-05
4.531250e+00 3.600613e-05
4.687500e+00 3.010308e-05
4.843750e+00 2.622266e-05
5.000000e+00 2.235736e-05
5.156250e+00 1.565878e-05
5.312500e+00 7.747354e-06
5.468750e+00 2.101895e-06
5.625000e+00 1.775357e-06
5.781250e+00 1.412406e-06
5.937500e+00 1.095927e-06
6.093750e+00 9.455037e-07
6.250000e+00 8.700679e-07
6.406250e+00 8.171133e-07
6.562500e+00 7.361679e-07
6.718750e+00 6.317316e-07
6.875000e+00 4.348733e-07
7.031250e+00 3.296683e-07
7.187500e+00 2.928192e-07
7.343750e+00 1.679816e-07
7.500000e+00 6.917795e-08
7.656250e+00 4.495192e-08
7.812500e+00 3.929787e-08
7.968750e+00 3.607344e-08
8.125000e+00 3.250962e-08
8.281250e+00 2.823499e-08
8.437500e+00 2.562757e-08
8.593750e+00 2.359573e-08
8.750000e+00 1.949833e-08
8.906250e+00 1.391413e-08
9.062500e+00 3.488052e-09
9.218750e+00 2.282178e-09
9.375000e+00 1.725476e-09
9.531250e+00 1.492140e-09
9.687500e+00 4.327269e-11
9.843750e+00 3.615256e-12
1.000000e+01 1.712487e-12
1.015625e+01 1.507936e-12
1.031250e+01 1.069613e-12
1.046875e+01 5.947759e-13
1.062500e+01 4.650839e-13
1.078125e+01 4.183210e-13
1.093750e+01 3.825878e-13
1.109375e+01 3.358103e-13
1.125000e+01 2.923470e-13
1.140625e+01 2.845798e-13
1.156250e+01 2.758226e-13
1.171875e+01 2.426761e-13
1.187500e+01 2.223022e-13
1.203125e+01 2.032769e-13
1.218750e+01 1.908784e-13
1.234375e+01 1.779870e-13
1.250000e+01 1.633030e-13
1.265625e+01 1.500152e-13
1.281250e+01 5.438473e-14
1.296875e+01 4.567341e-14
1.312500e+01 4.100413e-14
1.328125e+01 2.622550e-14
1.343750e+01 1.047926e-14
1.359375e+01 7.039015e-15
1.375000e+01 5.350298e-15
1.390625e+01 3.162530e-16
1.406250e+01 9.004907e-17
1.421875e+01 6.702815e-17
1.437500e+01 5.685726e-17
1.453125e+01 5.365731e-17
1.468750e+01 4.931253e-17
1.484375e+01 4.217873e-17
1.500000e+01 1.025953e-19
1.515625e+01 2.641742e-22
1.531250e+01 4.742626e-27
1.546875e+01 2.033947e-28
1.562500e+01 9.171008e-29
1.578125e+01 2.114367e-29
1.593750e+01 1.955714e-30
1.609375e+01 1.650447e-30
1.625000e+01 1.369191e-30
1.640625e+01 1.197567e-30
1.656250e+01 1.076480e-30
1.671875e+01 1.017169e-30
1.687500e+01 9.707997e-31
1.703125e+01 8.058203e-31
1.718750e+01 4.739514e-31
1.734375e+01 2.623375e-31
1.750000e+01 1.998336e-31
1.765625e+01 1.931079e-31
1.781250e+01 1.881540e-31
1.796875e+01 1.352307e-31
1.812500e+01 3.784385e-32
1.828125e+01 3.196736e-32
1.843750e+01 3.090184e-32
1.859375e+01 2.957782e-32
1.875000e+01 2.803249e-32
1.890625e+01 2.402358e-32
1.906250e+01 2.370840e-32
1.921875e+01 2.346233e-32
1.937500e+01 2.282884e-32
1.953125e+01 1.974618e-32
1.968750e+01 1.700432e-32
1.984375e+01 1.171355e-32
2.000000e+01 9.683600e-33
2.015625e+01 8.803505e-33
2.031250e+01 8.276137e-33
2.046875e+01 7.419000e-33
2.062500e+01 1.487343e-34
2.078125e+01 7.939276e-35
2.093750e+01 3.301786e-35
2.109375e+01 2.644273e-35
2.125000e+01 3.056596e-36
2.140625e+01 2.651235e-39
2.156250e+01 1.160374e-39
2.171875e+01 4.718699e-40
2.187500e+01 2.553595e-40
2.203125e+01 2.457133e-40
2.218750e+01 2.388469e-40
2.234375e+01 2.120570e-40
2.250000e+01 1.841369e-40
2.265625e+01 1.581016e-40
2.281250e+01 1.361742e-40
2.296875e+01 8.766947e-41
2.312500e+01 6.243114e-41
2.328125e+01 4.606551e-41
2.343750e+01 3.977814e-41
2.359375e+01 3.533614e-41
2.375000e+01 2.560354e-41
2.390625e+01 1.316531e-41
2.406250e+01 5.541621e-42
2.421875e+01 1.048835e-42
2.437500e+01 2.777507e-44
2.453125e+01 1.156547e-45
2.468750e+01 2.859784e-46
2.484375e+01 1.920389e-46
2.500000e+01 1.619158e-46
2.515625e+01 1.381776e-46
2.531250e+01 9.493053e-47
2.546875e+01 5.401190e-47
2.562500e+01 3.129369e-47
2.578125e+01 3.859845e-54
2.593750e+01 2.931907e-86
2.609375e+01 3.296300e-109
2.625000e+01 2.983319e-110
2.640625e+01 1.047656e-110
2.656250e+01 8.577767e-114
2.671875e+01 5.273330e-114
2.687500e+01 4.189799e-114
2.703125e+01 4.005246e-114
2.718750e+01 3.947995e-114
2.734375e+01 3.740018e-114
2.750000e+01 3.209730e-114
2.765625e+01 2.838552e-114
2.781250e+01 2.556883e-114
2.796875e+01 2.191969e-114
2.812500e+01 1.863813e-114
2.828125e+01 1.413512e-114
2.843750e+01 1.091454e-114
2.859375e+01 1.000298e-114
2.875000e+01 7.148013e-116
2.890625e+01 1.721034e-116
2.906250e+01 7.190794e-117
2.921875e+01 6.385919e-117
2.937500e+01 6.020969e-117
2.953125e+01 5.826361e-117
2.968750e+01 5.748123e-117
2.984375e+01 5.608992e-117
3.000000e+01 5.123007e-117
3.015625e+01 4.968414e-117
3.031250e+01 4.743654e-117
3.046875e+01 4.245528e-117
3.062500e+01 2.389119e-117
3.078125e+01 2.033228e-117
3.093750e+01 1.554248e-117
3.109375e+01 7.731793e-118
3.125000e+01 3.406669e-118
3.140625e+01 2.966107e-118
3.156250e+01 1.815236e-118
3.171875e+01 4.637399e-121
3.187500e+01 5.368162e-124
3.203125e+01 1.291116e-126
3.218750e+01 1.407069e-134
3.234375e+01 1.806198e-138
3.250000e+01 4.351465e-148
3.265625e+01 7.299831e-153
3.281250e+01 1.670511e-154
3.296875e+01 9.242029e-156
3.312500e+01 9.045425e-159
3.328125e+01 3.305368e-161
3.343750e+01 1.354630e-161
3.359375e+01 9.248846e-162
3.375000e+01 5.955772e-162
3.390625e+01 1.124023e-164
3.406250e+01 4.053804e-177
3.421875e+01 2.826771e-201
3.437500e+01 1.586392e-222
3.453125e+01 1.154689e-223
3.468750e+01 5.262221e-224
3.484375e+01 3.541820e-224
3.500000e+01 1.861682e-224
3.515625e+01 1.068951e-251
3.531250e+01 2.395751e-275
3.546875e+01 1.413398e-292
3.562500e+01 1.298610e-292
3.578125e+01 1.103527e-292
3.593750e+01 2.327720e-293
3.609375e+01 1.416585e-293
3.625000e+01 5.469640e-294
3.640625e+01 3.815959e-294
3.656250e+01 3.237682e-294
3.671875e+01 2.948359e-294
3.687500e+01 7.026415e-296
3.703125e+01 9.686004e-298
3.718750e+01 7.667682e-298
3.734375e+01 5.742730e-298
3.750000e+01 2.247992e-298
3.765625e+01 1.267210e-298
3.781250e+01 1.133957e-298
3.796875e+01 1.061723e-298
3.812500e+01 6.527030e-299
3.828125e+01 1.100692e-300
3.843750e+01 5.976792e-301
3.859375e+01 5.439897e-301
3.875000e+01 3.131043e-301
3.890625e+01 2.373570e-301
3.906250e+01 1.745753e-302
3.921875e+01 1.065239e-302
3.937500e+01 5.059114e-303
3.953125e+01 3.447654e-303
3.968750e+01 3.027058e-303
3.984375e+01 2.329560e-303
4.000000e+01 2.683286e-308
4.015625e+01 2.339845e-319
4.031250e+01 0.000000e+00
4.046875e+01 0.000000e+00
4.062500e+01 0.000000e+00
4.078125e+01 0.000000e+00
4.093750e+01 0.000000e+00
4.109375e+01 0.000000e+00
4.125000e+01 0.000000e+00
4.140625e+01 0.000000e+00
4.156250e+01 0.000000e+00
4.171875e+01 0.000000e+00
4.187500e+01 0.000000e+00
4.203125e+01 0.000000e+00
4.218750e+01 0.000000e+00
4.234375e+01 0.000000e+00
4.250000e+01 0.000000e+00
4.265625e+01 0.000000e+00
4.281250e+01 0.000000e+00
4.296875e+01 0.000000e+00
4.312500e+01 0.000000e+00
4.328125e+01 0.000000e+00
4.343750e+01 0.000000e+00
4.359375e+01 0.000000e+00
4.375000e+01 0.000000e+00
4.390625e+01 0.000000e+00
4.406250e+01 0.000000e+00
4.421875e+01 0.000000e+00
4.437500e+01 0.000000e+00
4.453125e+01 0.000000e+00
4.468750e+01 0.000000e+00
4.484375e+01 0.000000e+00
4.500000e+01 0.000000e+00
4.515625e+01 0.000000e+00
4.531250e+01 0.000000e+00
4.546875e+01 0.000000e+00
4.562500e+01 0.000000e+00
4.578125e+01 0.000000e+00
4.593750e+01 0.000000e+00
4.609375e+01 0.000000e+00
4.625000e+01 0.000000e+00
4.640625e+01 0.000000e+00
4.656250e+01 0.000000e+00
4.671875e+01 0.000000e+00
4.687500e+01 0.000000e+00
4.703125e+01 0.000000e+00
4.718750e+01 0.000000e+00
4.734375e+01 0.000000e+00
4.750000e+01 0.000000e+00
4.765625e+01 0.000000e+00
4.781250e+01 0.000000e+00
4.796875e+01 0.000000e+00
4.812500e+01 0.000000e+00
4.828125e+01 0.000000e+00
4.843750e+01 0.000000e+00
4.859375e+01 0.000000e+00
4.875000e+01 0.000000e+00
4.890625e+01 0.000000e+00
4.906250e+01 0.000000e+00
4.921875e+01 0.000000e+00
4.937500e+01 0.000000e+00
4.953125e+01 0.000000e+00
4.968750e+01 0.000000e+00
4.984375e+01 0.000000e+00
5.000000e+01 0.000000e+00
5.015625e+01 0.000000e+00
5.031250e+01 0.000000e+00
5.046875e+01 0.000000e+00
5.062500e+01 0.000000e+00
5.078125e+01 0.000000e+00
5.093750e+01 0.000000e+00
5.109375e+01 0.000000e+00
5.125000e+01 0.000000e+00
5.140625e+01 0.000000e+00
5.156250e+01 0.000000e+00
5.171875e+01 0.000000e+00
5.187500e+01 0.000000e+00
5.203125e+01 0.000000e+00
5.218750e+01 0.000000e+00
5.234375e+01 0.000000e+00
5.250000e+01 0.000000e+00
5.265625e+01 0.000000e+00
5.281250e+01 0.000000e+00
5.296875e+01 0.000000e+00
5.312500e+01 0.000000e+00
5.328125e+01 0.000000e+00
5.343750e+01 0.000000e+00
5.359375e+01 0.000000e+00
5.375000e+01 0.000000e+00
5.390625e+01 0.000000e+00
5.406250e+01 0.000000e+00
5.421875e+01 0.000000e+00
5.437500e+01 0.000000e+00
5.453125e+01 0.000000e+00
5.468750e+01 0.000000e+00
5.484375e+01 0.000000e+00
5.500000e+01 0.000000e+00
5.515625e+01 0.000000e+00
5.531250e+01 0.000000e+00
5.546875e+01 0.000000e+00
5.562500e+01 0.000000e+00
5.578125e+01 0.000000e+00
5.593750e+01 0.000000e+00
5.609375e+01 0.000000e+00
5.625000e+01 0.000000e+00
5.640625e+01 0.000000e+00
5.656250e+01 0.000000e+00
5.671875e+01 0.000000e+00
5.687500e+01 0.000000e+00
5.703125e+01 0.000000e+00
5.718750e+01 0.000000e+00
5.734375e+01 0.000000e+00
5.750000e+01 0.000000e+00
5.765625e+01 0.000000e+00
5.781250e+01 0.000000e+00
5.796875e+01 0.000000e+00
5.812500e+01 0.000000e+00
5.828125e+01 0.000000e+00
5.843750e+01 0.000000e+00
5.859375e+01 0.000000e+00
5.875000e+01 0.000000e+00
5.890625e+01 0.000000e+00
5.906250e+01 0.000000e+00
5.921875e+01 0.000000e+00
5.937500e+01 0.000000e+00
5.953125e+01 0.000000e+00
5.968750e+01 0.000000e+00
5.984375e+01 0.000000e+00
6.000000e+01 0.000000e+00
6.015625e+01 0.000000e+00
6.031250e+01 0.000000e+00
6.046875e+01 0.000000e+00
6.062500e+01 0.000000e+00
6.078125e+01 0.000000e+00
6.093750e+01 0.000000e+00
6.109375e+01 0.000000e+00
6.125000e+01 0.000000e+00
6.140625e+01 0.000000e+00
6.156250e+01 0.000000e+00
6.171875e+01 0.000000e+00
6.187500e+01 0.000000e+00
6.203125e+01 0.000000e+00
6.218750e+01 0.000000e+00
6.234375e+01 0.000000e+00
6.250000e+01 0.000000e+00
6.265625e+01 0.000000e+00
6.281250e+01 0.000000e+00
6.296875e+01 0.000000e+00
6.312500e+01 0.000000e+00
6.328125e+01 0.000000e+00
6.343750e+01 0.000000e+00
6.359375e+01 0.000000e+00
6.375000e+01 0.000000e+00
6.390625e+01 0.000000e+00
6.406250e+01 0.000000e+00
6.421875e+01 0.000000e+00
6.437500e+01 0.000000e+00
6.453125e+01 0.000000e+00
6.468750e+01 0.000000e+00
6.484375e+01 0.000000e+00
6.500000e+01 0.000000e+00
6.515625e+01 0.000000e+00
6.531250e+01 0.000000e+00
6.546875e+01 0.000000e+00
6.562500e+01 0.000000e+00
6.578125e+01 0.000000e+00
6.593750e+01 0.000000e+00
6.609375e+01 0.000000e+00
6.625000e+01 0.000000e+00
6.640625e+01 0.000000e+00
6.656250e+01 0.000000e+00
6.671875e+01 0.000000e+00
6.687500e+01 0.000000e+00
6.703125e+01 0.000000e+00
6.718750e+01 0.000000e+00
6.734375e+01 0.000000e+00
6.750000e+01 0.000000e+00
6.765625e+01 0.000000e+00
6.781250e+01 0.000000e+00
6.796875e+01 0.000000e+00
6.812500e+01 0.000000e+00
6.828125e+01 0.000000e+00
6.843750e+01 0.000000e+00
6.859375e+01 0.000000e+00
6.875000e+01 0.000000e+00
6.890625e+01 0.000000e+00
6.906250e+01 0.000000e+00
6.921875e+01 0.000000e+00
6.937500e+01 0.000000e+00
6.953125e+01 0.000000e+00
6.968750e+01 0.000000e+00
6.984375e+01 0.000000e+00
7.000000e+01 0.000000e+00
7.015625e+01 0.000000e+00
7.031250e+01 0.000000e+00
7.046875e+01 0.000000e+00
7.062500e+01 0.000000e+00
7.078125e+01 0.000000e+00
7.093750e+01 0.000000e+00
7.109375e+01 0.000000e+00
7.125000e+01 0.000000e+00
7.140625e+01 0.000000e+00
7.156250e+01 0.000000e+00
7.171875e+01 0.000000e+00
7.187500e+01 0.000000e+00
7.203125e+01 0.000000e+00
7.218750e+01 0.000000e+00
7.234375e+01 0.000000e+00
7.250000e+01 0.000000e+00
7.265625e+01 0.000000e+00
7.281250e+01 0.000000e+00
7.296875e+01 0.000000e+00
7.312500e+01 0.000000e+00
7.328125e+01 0.000000e+00
7.343750e+01 0.000000e+00
7.359375e+01 0.000000e+00
7.375000e+01 0.000000e+00
7.390625e+01 0.000000e+00
7.406250e+01 0.000000e+00
7.421875e+01 0.000000e+00
7.437500e+01 0.000000e+00
7.453125e+01 0.000000e+00
7.468750e+01 0.000000e+00
7.484375e+01 0.000000e+00
7.500000e+01 0.000000e+00
7.515625e+01 0.000000e+00
7.531250e+01 0.000000e+00
7.546875e+01 0.000000e+00
7.562500e+01 0.000000e+00
7.578125e+01 0.000000e+00
7.593750e+01 0.000000e+00
7.609375e+01 0.000000e+00
7.625000e+01 0.000000e+00
7.640625e+01 0.000000e+00
7.656250e+01 0.000000e+00
7.671875e+01 0.000000e+00
7.687500e+01 0.000000e+00
7.703125e+01 0.000000e+00
7.718750e+01 0.000000e+00
7.734375e+01 0.000000e+00
7.750000e+01 0.000000e+00
7.765625e+01 0.000000e+00
7.781250e+01 0.000000e+00
7.796875e+01 0.000000e+00
7.812500e+01 0.000000e+00
7.828125e+01 0.000000e+00
7.843750e+01 0.000000e+00
7.859375e+01 0.000000e+00
7.875000e+01 0.000000e+00
7.890625e+01 0.000000e+00
7.906250e+01 0.000000e+00
7.921875e+01 0.000000e+00
7.937500e+01 0.000000e+00
7.953125e+01 0.000000e+00
7.968750e+01 0.000000e+00
7.984375e+01 0.000000e+00
