# x[h^-1_cMpc]  F_mean
0.000000e+00 9.712684e-02
1.562500e-01 7.633384e-02
3.125000e-01 6.379470e-02
4.687500e-01 5.512741e-02
6.250000e-01 4.829693e-02
7.812500e-01 4.391875e-02
9.375000e-01 3.875784e-02
1.093750e+00 3.499277e-02
1.250000e+00 3.084970e-02
1.406250e+00 2.783151e-02
1.562500e+00 2.568593e-02
1.718750e+00 2.278771e-02
1.875000e+00 2.060808e-02
2.031250e+00 1.859529e-02
2.187500e+00 1.727784e-02
2.343750e+00 1.601796e-02
2.500000e+00 1.421217e-02
2.656250e+00 1.267610e-02
2.812500e+00 1.143505e-02
2.968750e+00 1.041005e-02
3.125000e+00 9.497205e-03
3.281250e+00 8.664431e-03
3.437500e+00 7.684100e-03
3.593750e+00 6.857472e-03
3.750000e+00 6.299672e-03
3.906250e+00 5.576836e-03
4.062500e+00 4.841496e-03
4.218750e+00 3.800512e-03
4.375000e+00 3.260343e-03
4.531250e+00 2.460930e-03
4.687500e+00 1.984543e-03
4.843750e+00 1.787510e-03
5.000000e+00 1.637600e-03
5.156250e+00 1.456617e-03
5.312500e+00 1.392866e-03
5.468750e+00 1.310704e-03
5.625000e+00 1.230911e-03
5.781250e+00 1.077845e-03
5.937500e+00 1.031700e-03
6.093750e+00 9.987587e-04
6.250000e+00 9.605788e-04
6.406250e+00 8.872460e-04
6.562500e+00 8.418003e-04
6.718750e+00 7.865569e-04
6.875000e+00 7.267880e-04
7.031250e+00 6.776893e-04
7.187500e+00 6.451671e-04
7.343750e+00 6.098623e-04
7.500000e+00 5.680058e-04
7.656250e+00 4.759117e-04
7.812500e+00 3.962080e-04
7.968750e+00 2.850211e-04
8.125000e+00 2.099643e-04
8.281250e+00 1.900243e-04
8.437500e+00 9.493821e-05
8.593750e+00 8.085304e-05
8.750000e+00 7.739515e-05
8.906250e+00 7.480860e-05
9.062500e+00 5.050751e-05
9.218750e+00 4.608610e-05
9.375000e+00 4.417282e-05
9.531250e+00 4.343014e-05
9.687500e+00 4.307665e-05
9.843750e+00 4.277685e-05
1.000000e+01 4.244984e-05
1.015625e+01 4.211253e-05
1.031250e+01 4.095679e-05
1.046875e+01 3.704756e-05
1.062500e+01 3.573674e-05
1.078125e+01 3.313160e-05
1.093750e+01 3.216320e-05
1.109375e+01 3.117189e-05
1.125000e+01 2.379030e-05
1.140625e+01 2.649524e-08
1.156250e+01 1.541220e-08
1.171875e+01 1.229697e-08
1.187500e+01 9.635868e-09
1.203125e+01 6.855295e-09
1.218750e+01 5.209434e-09
1.234375e+01 1.088394e-09
1.250000e+01 9.036471e-10
1.265625e+01 7.662356e-10
1.281250e+01 5.362741e-10
1.296875e+01 4.351686e-10
1.312500e+01 7.461795e-13
1.328125e+01 6.435730e-13
1.343750e+01 1.716590e-13
1.359375e+01 1.689475e-13
1.375000e+01 1.641414e-13
1.390625e+01 1.596214e-13
1.406250e+01 1.525589e-13
1.421875e+01 1.499215e-13
1.437500e+01 1.369683e-13
1.453125e+01 1.046531e-13
1.468750e+01 7.407708e-14
1.484375e+01 6.697668e-14
1.500000e+01 5.643499e-14
1.515625e+01 2.354715e-24
1.531250e+01 2.325460e-29
1.546875e+01 1.721960e-36
1.562500e+01 3.550389e-37
1.578125e+01 3.058424e-37
1.593750e+01 3.047783e-37
1.609375e+01 3.009435e-37
1.625000e+01 2.901378e-37
1.640625e+01 2.790763e-37
1.656250e+01 2.713274e-37
1.671875e+01 2.632224e-37
1.687500e+01 2.558667e-37
1.703125e+01 2.479640e-37
1.718750e+01 2.427069e-37
1.734375e+01 2.304320e-37
1.750000e+01 2.153358e-37
1.765625e+01 2.123894e-37
1.781250e+01 2.089497e-37
1.796875e+01 1.448971e-37
1.812500e+01 1.425602e-37
1.828125e+01 1.408817e-37
1.843750e+01 1.379801e-37
1.859375e+01 1.356152e-37
1.875000e+01 1.269832e-37
1.890625e+01 1.110431e-37
1.906250e+01 8.417458e-38
1.921875e+01 6.751322e-38
1.937500e+01 5.644423e-41
1.953125e+01 8.915859e-53
1.968750e+01 5.048172e-95
1.984375e+01 4.304962e-127
2.000000e+01 4.198097e-127
2.015625e+01 4.141831e-127
2.031250e+01 4.121094e-127
2.046875e+01 4.111487e-127
2.062500e+01 4.011438e-127
2.078125e+01 3.929841e-127
2.093750e+01 3.916535e-127
2.109375e+01 3.879400e-127
2.125000e+01 3.865304e-127
2.140625e+01 3.847666e-127
2.156250e+01 3.772657e-127
2.171875e+01 3.504579e-127
2.187500e+01 3.411212e-127
2.203125e+01 3.358245e-127
2.218750e+01 3.218500e-127
2.234375e+01 3.057766e-127
2.250000e+01 2.745745e-127
2.265625e+01 2.533700e-127
2.281250e+01 2.325128e-127
2.296875e+01 2.294140e-127
2.312500e+01 2.265788e-127
2.328125e+01 2.257411e-127
2.343750e+01 2.239606e-127
2.359375e+01 2.225933e-127
2.375000e+01 2.165144e-127
2.390625e+01 1.803945e-127
2.406250e+01 8.451153e-128
2.421875e+01 1.272388e-128
2.437500e+01 3.646929e-129
2.453125e+01 2.682690e-129
2.468750e+01 1.698011e-129
2.484375e+01 9.508709e-130
2.500000e+01 6.912567e-130
2.515625e+01 6.539698e-130
2.531250e+01 6.477813e-130
2.546875e+01 5.842168e-130
2.562500e+01 5.225882e-130
2.578125e+01 4.997470e-130
2.593750e+01 4.837387e-130
2.609375e+01 4.767707e-130
2.625000e+01 4.687471e-130
2.640625e+01 4.675709e-130
2.656250e+01 4.655738e-130
2.671875e+01 4.579170e-130
2.687500e+01 4.347026e-130
2.703125e+01 3.677540e-130
2.718750e+01 2.477024e-130
2.734375e+01 9.101662e-138
2.750000e+01 1.953880e-146
2.765625e+01 2.711200e-156
2.781250e+01 4.412594e-168
2.796875e+01 5.113627e-183
2.812500e+01 1.260037e-197
2.828125e+01 1.580853e-199
2.843750e+01 1.305126e-199
2.859375e+01 8.936458e-200
2.875000e+01 7.470835e-200
2.890625e+01 2.444830e-201
2.906250e+01 1.307947e-201
2.921875e+01 1.270729e-201
2.937500e+01 1.265218e-201
2.953125e+01 1.261421e-201
2.968750e+01 1.257042e-201
2.984375e+01 1.249683e-201
3.000000e+01 1.235629e-201
3.015625e+01 1.229979e-201
3.031250e+01 1.224500e-201
3.046875e+01 1.163581e-201
3.062500e+01 7.532219e-202
3.078125e+01 1.835691e-202
3.093750e+01 1.690527e-202
3.109375e+01 1.518751e-202
3.125000e+01 1.231076e-202
3.140625e+01 9.666215e-203
3.156250e+01 9.056051e-203
3.171875e+01 8.283539e-203
3.187500e+01 6.350782e-203
3.203125e+01 3.822242e-207
3.218750e+01 6.993439e-212
3.234375e+01 1.595072e-217
3.250000e+01 7.749042e-236
3.265625e+01 9.929239e-277
3.281250e+01 3.839163e-306
3.296875e+01 1.280934e-318
3.312500e+01 3.063207e-322
3.328125e+01 9.881313e-324
3.343750e+01 0.000000e+00
3.359375e+01 0.000000e+00
3.375000e+01 0.000000e+00
3.390625e+01 0.000000e+00
3.406250e+01 0.000000e+00
3.421875e+01 0.000000e+00
3.437500e+01 0.000000e+00
3.453125e+01 0.000000e+00
3.468750e+01 0.000000e+00
3.484375e+01 0.000000e+00
3.500000e+01 0.000000e+00
3.515625e+01 0.000000e+00
3.531250e+01 0.000000e+00
3.546875e+01 0.000000e+00
3.562500e+01 0.000000e+00
3.578125e+01 0.000000e+00
3.593750e+01 0.000000e+00
3.609375e+01 0.000000e+00
3.625000e+01 0.000000e+00
3.640625e+01 0.000000e+00
3.656250e+01 0.000000e+00
3.671875e+01 0.000000e+00
3.687500e+01 0.000000e+00
3.703125e+01 0.000000e+00
3.718750e+01 0.000000e+00
3.734375e+01 0.000000e+00
3.750000e+01 0.000000e+00
3.765625e+01 0.000000e+00
3.781250e+01 0.000000e+00
3.796875e+01 0.000000e+00
3.812500e+01 0.000000e+00
3.828125e+01 0.000000e+00
3.843750e+01 0.000000e+00
3.859375e+01 0.000000e+00
3.875000e+01 0.000000e+00
3.890625e+01 0.000000e+00
3.906250e+01 0.000000e+00
3.921875e+01 0.000000e+00
3.937500e+01 0.000000e+00
3.953125e+01 0.000000e+00
3.968750e+01 0.000000e+00
3.984375e+01 0.000000e+00
4.000000e+01 0.000000e+00
4.015625e+01 0.000000e+00
4.031250e+01 0.000000e+00
4.046875e+01 0.000000e+00
4.062500e+01 0.000000e+00
4.078125e+01 0.000000e+00
4.093750e+01 0.000000e+00
4.109375e+01 0.000000e+00
4.125000e+01 0.000000e+00
4.140625e+01 0.000000e+00
4.156250e+01 0.000000e+00
4.171875e+01 0.000000e+00
4.187500e+01 0.000000e+00
4.203125e+01 0.000000e+00
4.218750e+01 0.000000e+00
4.234375e+01 0.000000e+00
4.250000e+01 0.000000e+00
4.265625e+01 0.000000e+00
4.281250e+01 0.000000e+00
4.296875e+01 0.000000e+00
4.312500e+01 0.000000e+00
4.328125e+01 0.000000e+00
4.343750e+01 0.000000e+00
4.359375e+01 0.000000e+00
4.375000e+01 0.000000e+00
4.390625e+01 0.000000e+00
4.406250e+01 0.000000e+00
4.421875e+01 0.000000e+00
4.437500e+01 0.000000e+00
4.453125e+01 0.000000e+00
4.468750e+01 0.000000e+00
4.484375e+01 0.000000e+00
4.500000e+01 0.000000e+00
4.515625e+01 0.000000e+00
4.531250e+01 0.000000e+00
4.546875e+01 0.000000e+00
4.562500e+01 0.000000e+00
4.578125e+01 0.000000e+00
4.593750e+01 0.000000e+00
4.609375e+01 0.000000e+00
4.625000e+01 0.000000e+00
4.640625e+01 0.000000e+00
4.656250e+01 0.000000e+00
4.671875e+01 0.000000e+00
4.687500e+01 0.000000e+00
4.703125e+01 0.000000e+00
4.718750e+01 0.000000e+00
4.734375e+01 0.000000e+00
4.750000e+01 0.000000e+00
4.765625e+01 0.000000e+00
4.781250e+01 0.000000e+00
4.796875e+01 0.000000e+00
4.812500e+01 0.000000e+00
4.828125e+01 0.000000e+00
4.843750e+01 0.000000e+00
4.859375e+01 0.000000e+00
4.875000e+01 0.000000e+00
4.890625e+01 0.000000e+00
4.906250e+01 0.000000e+00
4.921875e+01 0.000000e+00
4.937500e+01 0.000000e+00
4.953125e+01 0.000000e+00
4.968750e+01 0.000000e+00
4.984375e+01 0.000000e+00
5.000000e+01 0.000000e+00
5.015625e+01 0.000000e+00
5.031250e+01 0.000000e+00
5.046875e+01 0.000000e+00
5.062500e+01 0.000000e+00
5.078125e+01 0.000000e+00
5.093750e+01 0.000000e+00
5.109375e+01 0.000000e+00
5.125000e+01 0.000000e+00
5.140625e+01 0.000000e+00
5.156250e+01 0.000000e+00
5.171875e+01 0.000000e+00
5.187500e+01 0.000000e+00
5.203125e+01 0.000000e+00
5.218750e+01 0.000000e+00
5.234375e+01 0.000000e+00
5.250000e+01 0.000000e+00
5.265625e+01 0.000000e+00
5.281250e+01 0.000000e+00
5.296875e+01 0.000000e+00
5.312500e+01 0.000000e+00
5.328125e+01 0.000000e+00
5.343750e+01 0.000000e+00
5.359375e+01 0.000000e+00
5.375000e+01 0.000000e+00
5.390625e+01 0.000000e+00
5.406250e+01 0.000000e+00
5.421875e+01 0.000000e+00
5.437500e+01 0.000000e+00
5.453125e+01 0.000000e+00
5.468750e+01 0.000000e+00
5.484375e+01 0.000000e+00
5.500000e+01 0.000000e+00
5.515625e+01 0.000000e+00
5.531250e+01 0.000000e+00
5.546875e+01 0.000000e+00
5.562500e+01 0.000000e+00
5.578125e+01 0.000000e+00
5.593750e+01 0.000000e+00
5.609375e+01 0.000000e+00
5.625000e+01 0.000000e+00
5.640625e+01 0.000000e+00
5.656250e+01 0.000000e+00
5.671875e+01 0.000000e+00
5.687500e+01 0.000000e+00
5.703125e+01 0.000000e+00
5.718750e+01 0.000000e+00
5.734375e+01 0.000000e+00
5.750000e+01 0.000000e+00
5.765625e+01 0.000000e+00
5.781250e+01 0.000000e+00
5.796875e+01 0.000000e+00
5.812500e+01 0.000000e+00
5.828125e+01 0.000000e+00
5.843750e+01 0.000000e+00
5.859375e+01 0.000000e+00
5.875000e+01 0.000000e+00
5.890625e+01 0.000000e+00
5.906250e+01 0.000000e+00
5.921875e+01 0.000000e+00
5.937500e+01 0.000000e+00
5.953125e+01 0.000000e+00
5.968750e+01 0.000000e+00
5.984375e+01 0.000000e+00
6.000000e+01 0.000000e+00
6.015625e+01 0.000000e+00
6.031250e+01 0.000000e+00
6.046875e+01 0.000000e+00
6.062500e+01 0.000000e+00
6.078125e+01 0.000000e+00
6.093750e+01 0.000000e+00
6.109375e+01 0.000000e+00
6.125000e+01 0.000000e+00
6.140625e+01 0.000000e+00
6.156250e+01 0.000000e+00
6.171875e+01 0.000000e+00
6.187500e+01 0.000000e+00
6.203125e+01 0.000000e+00
6.218750e+01 0.000000e+00
6.234375e+01 0.000000e+00
6.250000e+01 0.000000e+00
6.265625e+01 0.000000e+00
6.281250e+01 0.000000e+00
6.296875e+01 0.000000e+00
6.312500e+01 0.000000e+00
6.328125e+01 0.000000e+00
6.343750e+01 0.000000e+00
6.359375e+01 0.000000e+00
6.375000e+01 0.000000e+00
6.390625e+01 0.000000e+00
6.406250e+01 0.000000e+00
6.421875e+01 0.000000e+00
6.437500e+01 0.000000e+00
6.453125e+01 0.000000e+00
6.468750e+01 0.000000e+00
6.484375e+01 0.000000e+00
6.500000e+01 0.000000e+00
6.515625e+01 0.000000e+00
6.531250e+01 0.000000e+00
6.546875e+01 0.000000e+00
6.562500e+01 0.000000e+00
6.578125e+01 0.000000e+00
6.593750e+01 0.000000e+00
6.609375e+01 0.000000e+00
6.625000e+01 0.000000e+00
6.640625e+01 0.000000e+00
6.656250e+01 0.000000e+00
6.671875e+01 0.000000e+00
6.687500e+01 0.000000e+00
6.703125e+01 0.000000e+00
6.718750e+01 0.000000e+00
6.734375e+01 0.000000e+00
6.750000e+01 0.000000e+00
6.765625e+01 0.000000e+00
6.781250e+01 0.000000e+00
6.796875e+01 0.000000e+00
6.812500e+01 0.000000e+00
6.828125e+01 0.000000e+00
6.843750e+01 0.000000e+00
6.859375e+01 0.000000e+00
6.875000e+01 0.000000e+00
6.890625e+01 0.000000e+00
6.906250e+01 0.000000e+00
6.921875e+01 0.000000e+00
6.937500e+01 0.000000e+00
6.953125e+01 0.000000e+00
6.968750e+01 0.000000e+00
6.984375e+01 0.000000e+00
7.000000e+01 0.000000e+00
7.015625e+01 0.000000e+00
7.031250e+01 0.000000e+00
7.046875e+01 0.000000e+00
7.062500e+01 0.000000e+00
7.078125e+01 0.000000e+00
7.093750e+01 0.000000e+00
7.109375e+01 0.000000e+00
7.125000e+01 0.000000e+00
7.140625e+01 0.000000e+00
7.156250e+01 0.000000e+00
7.171875e+01 0.000000e+00
7.187500e+01 0.000000e+00
7.203125e+01 0.000000e+00
7.218750e+01 0.000000e+00
7.234375e+01 0.000000e+00
7.250000e+01 0.000000e+00
7.265625e+01 0.000000e+00
7.281250e+01 0.000000e+00
7.296875e+01 0.000000e+00
7.312500e+01 0.000000e+00
7.328125e+01 0.000000e+00
7.343750e+01 0.000000e+00
7.359375e+01 0.000000e+00
7.375000e+01 0.000000e+00
7.390625e+01 0.000000e+00
7.406250e+01 0.000000e+00
7.421875e+01 0.000000e+00
7.437500e+01 0.000000e+00
7.453125e+01 0.000000e+00
7.468750e+01 0.000000e+00
7.484375e+01 0.000000e+00
7.500000e+01 0.000000e+00
7.515625e+01 0.000000e+00
7.531250e+01 0.000000e+00
7.546875e+01 0.000000e+00
7.562500e+01 0.000000e+00
7.578125e+01 0.000000e+00
7.593750e+01 0.000000e+00
7.609375e+01 0.000000e+00
7.625000e+01 0.000000e+00
7.640625e+01 0.000000e+00
7.656250e+01 0.000000e+00
7.671875e+01 0.000000e+00
7.687500e+01 0.000000e+00
7.703125e+01 0.000000e+00
7.718750e+01 0.000000e+00
7.734375e+01 0.000000e+00
7.750000e+01 0.000000e+00
7.765625e+01 0.000000e+00
7.781250e+01 0.000000e+00
7.796875e+01 0.000000e+00
7.812500e+01 0.000000e+00
7.828125e+01 0.000000e+00
7.843750e+01 0.000000e+00
7.859375e+01 0.000000e+00
7.875000e+01 0.000000e+00
7.890625e+01 0.000000e+00
7.906250e+01 0.000000e+00
7.921875e+01 0.000000e+00
7.937500e+01 0.000000e+00
7.953125e+01 0.000000e+00
7.968750e+01 0.000000e+00
7.984375e+01 0.000000e+00
