# x[h^-1_cMpc]  F_mean
0.000000e+00 1.275258e-01
1.562500e-01 1.009713e-01
3.125000e-01 8.302336e-02
4.687500e-01 7.062365e-02
6.250000e-01 6.185116e-02
7.812500e-01 5.535962e-02
9.375000e-01 4.953424e-02
1.093750e+00 4.367586e-02
1.250000e+00 3.872645e-02
1.406250e+00 3.494823e-02
1.562500e+00 3.245172e-02
1.718750e+00 3.024635e-02
1.875000e+00 2.831231e-02
2.031250e+00 2.598204e-02
2.187500e+00 2.365352e-02
2.343750e+00 2.128963e-02
2.500000e+00 1.900194e-02
2.656250e+00 1.723433e-02
2.812500e+00 1.581059e-02
2.968750e+00 1.505339e-02
3.125000e+00 1.352812e-02
3.281250e+00 1.250499e-02
3.437500e+00 1.142692e-02
3.593750e+00 1.055323e-02
3.750000e+00 9.860812e-03
3.906250e+00 8.885822e-03
4.062500e+00 8.008832e-03
4.218750e+00 7.532256e-03
4.375000e+00 6.940661e-03
4.531250e+00 6.226962e-03
4.687500e+00 5.345617e-03
4.843750e+00 4.687589e-03
5.000000e+00 4.204422e-03
5.156250e+00 3.800688e-03
5.312500e+00 3.361890e-03
5.468750e+00 2.866938e-03
5.625000e+00 2.655256e-03
5.781250e+00 2.538437e-03
5.937500e+00 2.330337e-03
6.093750e+00 2.147054e-03
6.250000e+00 1.796493e-03
6.406250e+00 1.688598e-03
6.562500e+00 1.577864e-03
6.718750e+00 1.508844e-03
6.875000e+00 1.322043e-03
7.031250e+00 1.204710e-03
7.187500e+00 1.065333e-03
7.343750e+00 9.661799e-04
7.500000e+00 8.742115e-04
7.656250e+00 7.349497e-04
7.812500e+00 5.941169e-04
7.968750e+00 5.129893e-04
8.125000e+00 4.024886e-04
8.281250e+00 3.694389e-04
8.437500e+00 3.371145e-04
8.593750e+00 2.784219e-04
8.750000e+00 2.603638e-04
8.906250e+00 2.373893e-04
9.062500e+00 2.141079e-04
9.218750e+00 1.661322e-04
9.375000e+00 1.331119e-04
9.531250e+00 1.197787e-04
9.687500e+00 1.127488e-04
9.843750e+00 1.095340e-04
1.000000e+01 1.067726e-04
1.015625e+01 1.047690e-04
1.031250e+01 1.022010e-04
1.046875e+01 1.000704e-04
1.062500e+01 9.815970e-05
1.078125e+01 9.180588e-05
1.093750e+01 8.968027e-05
1.109375e+01 8.703189e-05
1.125000e+01 7.146725e-05
1.140625e+01 6.452685e-05
1.156250e+01 6.197279e-05
1.171875e+01 6.047739e-05
1.187500e+01 5.936857e-05
1.203125e+01 5.854415e-05
1.218750e+01 5.807949e-05
1.234375e+01 5.182627e-05
1.250000e+01 4.994227e-05
1.265625e+01 4.719349e-05
1.281250e+01 4.560680e-05
1.296875e+01 4.222631e-05
1.312500e+01 3.867754e-05
1.328125e+01 3.657952e-05
1.343750e+01 3.412117e-05
1.359375e+01 4.484223e-06
1.375000e+01 2.335136e-08
1.390625e+01 2.193298e-08
1.406250e+01 2.182266e-08
1.421875e+01 2.170209e-08
1.437500e+01 2.159340e-08
1.453125e+01 2.136617e-08
1.468750e+01 2.063657e-08
1.484375e+01 2.025878e-08
1.500000e+01 1.969072e-08
1.515625e+01 1.962048e-08
1.531250e+01 1.954061e-08
1.546875e+01 1.934699e-08
1.562500e+01 1.811820e-08
1.578125e+01 1.516816e-08
1.593750e+01 1.462633e-08
1.609375e+01 1.416300e-08
1.625000e+01 1.407155e-08
1.640625e+01 1.386881e-08
1.656250e+01 1.370492e-08
1.671875e+01 1.361499e-08
1.687500e+01 1.351600e-08
1.703125e+01 1.341943e-08
1.718750e+01 1.331757e-08
1.734375e+01 1.286336e-08
1.750000e+01 1.224259e-08
1.765625e+01 1.196615e-08
1.781250e+01 1.191929e-08
1.796875e+01 1.181660e-08
1.812500e+01 1.171645e-08
1.828125e+01 1.168352e-08
1.843750e+01 1.166451e-08
1.859375e+01 1.159084e-08
1.875000e+01 1.121501e-08
1.890625e+01 1.115737e-08
1.906250e+01 1.110071e-08
1.921875e+01 1.106324e-08
1.937500e+01 1.101716e-08
1.953125e+01 1.036011e-08
1.968750e+01 8.187082e-09
1.984375e+01 5.838323e-09
2.000000e+01 5.574569e-09
2.015625e+01 2.764307e-09
2.031250e+01 2.036415e-09
2.046875e+01 1.537286e-09
2.062500e+01 7.065059e-10
2.078125e+01 1.113925e-10
2.093750e+01 4.206766e-11
2.109375e+01 3.638347e-11
2.125000e+01 3.479333e-11
2.140625e+01 2.925001e-11
2.156250e+01 1.833708e-11
2.171875e+01 5.155256e-21
2.187500e+01 1.074756e-32
2.203125e+01 1.774490e-46
2.218750e+01 4.302384e-55
2.234375e+01 4.222708e-55
2.250000e+01 4.176008e-55
2.265625e+01 4.162066e-55
2.281250e+01 4.154417e-55
2.296875e+01 4.146042e-55
2.312500e+01 4.134901e-55
2.328125e+01 4.108554e-55
2.343750e+01 4.077179e-55
2.359375e+01 4.059898e-55
2.375000e+01 4.014360e-55
2.390625e+01 3.979807e-55
2.406250e+01 3.919621e-55
2.421875e+01 3.738295e-55
2.437500e+01 3.657220e-55
2.453125e+01 3.518386e-55
2.468750e+01 3.001729e-55
2.484375e+01 1.128939e-55
2.500000e+01 7.258804e-64
2.515625e+01 7.252043e-64
2.531250e+01 7.249053e-64
2.546875e+01 7.246732e-64
2.562500e+01 7.240506e-64
2.578125e+01 7.221289e-64
2.593750e+01 7.154772e-64
2.609375e+01 6.863958e-64
2.625000e+01 6.353297e-64
2.640625e+01 5.734245e-64
2.656250e+01 5.609267e-64
2.671875e+01 5.596807e-64
2.687500e+01 5.585944e-64
2.703125e+01 5.512820e-64
2.718750e+01 5.410660e-64
2.734375e+01 5.364706e-64
2.750000e+01 5.331260e-64
2.765625e+01 5.296429e-64
2.781250e+01 5.254869e-64
2.796875e+01 5.195047e-64
2.812500e+01 5.063252e-64
2.828125e+01 4.669503e-64
2.843750e+01 4.399216e-64
2.859375e+01 4.232319e-64
2.875000e+01 4.151870e-64
2.890625e+01 4.130308e-64
2.906250e+01 4.103041e-64
2.921875e+01 3.940935e-64
2.937500e+01 3.492274e-64
2.953125e+01 3.412518e-64
2.968750e+01 3.352841e-64
2.984375e+01 2.741716e-64
3.000000e+01 1.620921e-64
3.015625e+01 1.559548e-64
3.031250e+01 1.361482e-64
3.046875e+01 1.333022e-64
3.062500e+01 1.291918e-64
3.078125e+01 1.253496e-64
3.093750e+01 1.192373e-64
3.109375e+01 1.163540e-64
3.125000e+01 1.146775e-64
3.140625e+01 1.083584e-64
3.156250e+01 1.026973e-64
3.171875e+01 9.589343e-65
3.187500e+01 1.621787e-67
3.203125e+01 5.076241e-75
3.218750e+01 4.590788e-106
3.234375e+01 3.000290e-155
3.250000e+01 4.139515e-197
3.265625e+01 6.558476e-254
3.281250e+01 0.000000e+00
3.296875e+01 0.000000e+00
3.312500e+01 0.000000e+00
3.328125e+01 0.000000e+00
3.343750e+01 0.000000e+00
3.359375e+01 0.000000e+00
3.375000e+01 0.000000e+00
3.390625e+01 0.000000e+00
3.406250e+01 0.000000e+00
3.421875e+01 0.000000e+00
3.437500e+01 0.000000e+00
3.453125e+01 0.000000e+00
3.468750e+01 0.000000e+00
3.484375e+01 0.000000e+00
3.500000e+01 0.000000e+00
3.515625e+01 0.000000e+00
3.531250e+01 0.000000e+00
3.546875e+01 0.000000e+00
3.562500e+01 0.000000e+00
3.578125e+01 0.000000e+00
3.593750e+01 0.000000e+00
3.609375e+01 0.000000e+00
3.625000e+01 0.000000e+00
3.640625e+01 0.000000e+00
3.656250e+01 0.000000e+00
3.671875e+01 0.000000e+00
3.687500e+01 0.000000e+00
3.703125e+01 0.000000e+00
3.718750e+01 0.000000e+00
3.734375e+01 0.000000e+00
3.750000e+01 0.000000e+00
3.765625e+01 0.000000e+00
3.781250e+01 0.000000e+00
3.796875e+01 0.000000e+00
3.812500e+01 0.000000e+00
3.828125e+01 0.000000e+00
3.843750e+01 0.000000e+00
3.859375e+01 0.000000e+00
3.875000e+01 0.000000e+00
3.890625e+01 0.000000e+00
3.906250e+01 0.000000e+00
3.921875e+01 0.000000e+00
3.937500e+01 0.000000e+00
3.953125e+01 0.000000e+00
3.968750e+01 0.000000e+00
3.984375e+01 0.000000e+00
4.000000e+01 0.000000e+00
4.015625e+01 0.000000e+00
4.031250e+01 0.000000e+00
4.046875e+01 0.000000e+00
4.062500e+01 0.000000e+00
4.078125e+01 0.000000e+00
4.093750e+01 0.000000e+00
4.109375e+01 0.000000e+00
4.125000e+01 0.000000e+00
4.140625e+01 0.000000e+00
4.156250e+01 0.000000e+00
4.171875e+01 0.000000e+00
4.187500e+01 0.000000e+00
4.203125e+01 0.000000e+00
4.218750e+01 0.000000e+00
4.234375e+01 0.000000e+00
4.250000e+01 0.000000e+00
4.265625e+01 0.000000e+00
4.281250e+01 0.000000e+00
4.296875e+01 0.000000e+00
4.312500e+01 0.000000e+00
4.328125e+01 0.000000e+00
4.343750e+01 0.000000e+00
4.359375e+01 0.000000e+00
4.375000e+01 0.000000e+00
4.390625e+01 0.000000e+00
4.406250e+01 0.000000e+00
4.421875e+01 0.000000e+00
4.437500e+01 0.000000e+00
4.453125e+01 0.000000e+00
4.468750e+01 0.000000e+00
4.484375e+01 0.000000e+00
4.500000e+01 0.000000e+00
4.515625e+01 0.000000e+00
4.531250e+01 0.000000e+00
4.546875e+01 0.000000e+00
4.562500e+01 0.000000e+00
4.578125e+01 0.000000e+00
4.593750e+01 0.000000e+00
4.609375e+01 0.000000e+00
4.625000e+01 0.000000e+00
4.640625e+01 0.000000e+00
4.656250e+01 0.000000e+00
4.671875e+01 0.000000e+00
4.687500e+01 0.000000e+00
4.703125e+01 0.000000e+00
4.718750e+01 0.000000e+00
4.734375e+01 0.000000e+00
4.750000e+01 0.000000e+00
4.765625e+01 0.000000e+00
4.781250e+01 0.000000e+00
4.796875e+01 0.000000e+00
4.812500e+01 0.000000e+00
4.828125e+01 0.000000e+00
4.843750e+01 0.000000e+00
4.859375e+01 0.000000e+00
4.875000e+01 0.000000e+00
4.890625e+01 0.000000e+00
4.906250e+01 0.000000e+00
4.921875e+01 0.000000e+00
4.937500e+01 0.000000e+00
4.953125e+01 0.000000e+00
4.968750e+01 0.000000e+00
4.984375e+01 0.000000e+00
5.000000e+01 0.000000e+00
5.015625e+01 0.000000e+00
5.031250e+01 0.000000e+00
5.046875e+01 0.000000e+00
5.062500e+01 0.000000e+00
5.078125e+01 0.000000e+00
5.093750e+01 0.000000e+00
5.109375e+01 0.000000e+00
5.125000e+01 0.000000e+00
5.140625e+01 0.000000e+00
5.156250e+01 0.000000e+00
5.171875e+01 0.000000e+00
5.187500e+01 0.000000e+00
5.203125e+01 0.000000e+00
5.218750e+01 0.000000e+00
5.234375e+01 0.000000e+00
5.250000e+01 0.000000e+00
5.265625e+01 0.000000e+00
5.281250e+01 0.000000e+00
5.296875e+01 0.000000e+00
5.312500e+01 0.000000e+00
5.328125e+01 0.000000e+00
5.343750e+01 0.000000e+00
5.359375e+01 0.000000e+00
5.375000e+01 0.000000e+00
5.390625e+01 0.000000e+00
5.406250e+01 0.000000e+00
5.421875e+01 0.000000e+00
5.437500e+01 0.000000e+00
5.453125e+01 0.000000e+00
5.468750e+01 0.000000e+00
5.484375e+01 0.000000e+00
5.500000e+01 0.000000e+00
5.515625e+01 0.000000e+00
5.531250e+01 0.000000e+00
5.546875e+01 0.000000e+00
5.562500e+01 0.000000e+00
5.578125e+01 0.000000e+00
5.593750e+01 0.000000e+00
5.609375e+01 0.000000e+00
5.625000e+01 0.000000e+00
5.640625e+01 0.000000e+00
5.656250e+01 0.000000e+00
5.671875e+01 0.000000e+00
5.687500e+01 0.000000e+00
5.703125e+01 0.000000e+00
5.718750e+01 0.000000e+00
5.734375e+01 0.000000e+00
5.750000e+01 0.000000e+00
5.765625e+01 0.000000e+00
5.781250e+01 0.000000e+00
5.796875e+01 0.000000e+00
5.812500e+01 0.000000e+00
5.828125e+01 0.000000e+00
5.843750e+01 0.000000e+00
5.859375e+01 0.000000e+00
5.875000e+01 0.000000e+00
5.890625e+01 0.000000e+00
5.906250e+01 0.000000e+00
5.921875e+01 0.000000e+00
5.937500e+01 0.000000e+00
5.953125e+01 0.000000e+00
5.968750e+01 0.000000e+00
5.984375e+01 0.000000e+00
6.000000e+01 0.000000e+00
6.015625e+01 0.000000e+00
6.031250e+01 0.000000e+00
6.046875e+01 0.000000e+00
6.062500e+01 0.000000e+00
6.078125e+01 0.000000e+00
6.093750e+01 0.000000e+00
6.109375e+01 0.000000e+00
6.125000e+01 0.000000e+00
6.140625e+01 0.000000e+00
6.156250e+01 0.000000e+00
6.171875e+01 0.000000e+00
6.187500e+01 0.000000e+00
6.203125e+01 0.000000e+00
6.218750e+01 0.000000e+00
6.234375e+01 0.000000e+00
6.250000e+01 0.000000e+00
6.265625e+01 0.000000e+00
6.281250e+01 0.000000e+00
6.296875e+01 0.000000e+00
6.312500e+01 0.000000e+00
6.328125e+01 0.000000e+00
6.343750e+01 0.000000e+00
6.359375e+01 0.000000e+00
6.375000e+01 0.000000e+00
6.390625e+01 0.000000e+00
6.406250e+01 0.000000e+00
6.421875e+01 0.000000e+00
6.437500e+01 0.000000e+00
6.453125e+01 0.000000e+00
6.468750e+01 0.000000e+00
6.484375e+01 0.000000e+00
6.500000e+01 0.000000e+00
6.515625e+01 0.000000e+00
6.531250e+01 0.000000e+00
6.546875e+01 0.000000e+00
6.562500e+01 0.000000e+00
6.578125e+01 0.000000e+00
6.593750e+01 0.000000e+00
6.609375e+01 0.000000e+00
6.625000e+01 0.000000e+00
6.640625e+01 0.000000e+00
6.656250e+01 0.000000e+00
6.671875e+01 0.000000e+00
6.687500e+01 0.000000e+00
6.703125e+01 0.000000e+00
6.718750e+01 0.000000e+00
6.734375e+01 0.000000e+00
6.750000e+01 0.000000e+00
6.765625e+01 0.000000e+00
6.781250e+01 0.000000e+00
6.796875e+01 0.000000e+00
6.812500e+01 0.000000e+00
6.828125e+01 0.000000e+00
6.843750e+01 0.000000e+00
6.859375e+01 0.000000e+00
6.875000e+01 0.000000e+00
6.890625e+01 0.000000e+00
6.906250e+01 0.000000e+00
6.921875e+01 0.000000e+00
6.937500e+01 0.000000e+00
6.953125e+01 0.000000e+00
6.968750e+01 0.000000e+00
6.984375e+01 0.000000e+00
7.000000e+01 0.000000e+00
7.015625e+01 0.000000e+00
7.031250e+01 0.000000e+00
7.046875e+01 0.000000e+00
7.062500e+01 0.000000e+00
7.078125e+01 0.000000e+00
7.093750e+01 0.000000e+00
7.109375e+01 0.000000e+00
7.125000e+01 0.000000e+00
7.140625e+01 0.000000e+00
7.156250e+01 0.000000e+00
7.171875e+01 0.000000e+00
7.187500e+01 0.000000e+00
7.203125e+01 0.000000e+00
7.218750e+01 0.000000e+00
7.234375e+01 0.000000e+00
7.250000e+01 0.000000e+00
7.265625e+01 0.000000e+00
7.281250e+01 0.000000e+00
7.296875e+01 0.000000e+00
7.312500e+01 0.000000e+00
7.328125e+01 0.000000e+00
7.343750e+01 0.000000e+00
7.359375e+01 0.000000e+00
7.375000e+01 0.000000e+00
7.390625e+01 0.000000e+00
7.406250e+01 0.000000e+00
7.421875e+01 0.000000e+00
7.437500e+01 0.000000e+00
7.453125e+01 0.000000e+00
7.468750e+01 0.000000e+00
7.484375e+01 0.000000e+00
7.500000e+01 0.000000e+00
7.515625e+01 0.000000e+00
7.531250e+01 0.000000e+00
7.546875e+01 0.000000e+00
7.562500e+01 0.000000e+00
7.578125e+01 0.000000e+00
7.593750e+01 0.000000e+00
7.609375e+01 0.000000e+00
7.625000e+01 0.000000e+00
7.640625e+01 0.000000e+00
7.656250e+01 0.000000e+00
7.671875e+01 0.000000e+00
7.687500e+01 0.000000e+00
7.703125e+01 0.000000e+00
7.718750e+01 0.000000e+00
7.734375e+01 0.000000e+00
7.750000e+01 0.000000e+00
7.765625e+01 0.000000e+00
7.781250e+01 0.000000e+00
7.796875e+01 0.000000e+00
7.812500e+01 0.000000e+00
7.828125e+01 0.000000e+00
7.843750e+01 0.000000e+00
7.859375e+01 0.000000e+00
7.875000e+01 0.000000e+00
7.890625e+01 0.000000e+00
7.906250e+01 0.000000e+00
7.921875e+01 0.000000e+00
7.937500e+01 0.000000e+00
7.953125e+01 0.000000e+00
7.968750e+01 0.000000e+00
7.984375e+01 0.000000e+00
