# x[h^-1_cMpc]  F_mean
0.000000e+00 5.504398e-01
1.562500e-01 5.189348e-01
3.125000e-01 4.985724e-01
4.687500e-01 4.837704e-01
6.250000e-01 4.700170e-01
7.812500e-01 4.581062e-01
9.375000e-01 4.481852e-01
1.093750e+00 4.377732e-01
1.250000e+00 4.290969e-01
1.406250e+00 4.192477e-01
1.562500e+00 4.114248e-01
1.718750e+00 4.023873e-01
1.875000e+00 3.927567e-01
2.031250e+00 3.848317e-01
2.187500e+00 3.759203e-01
2.343750e+00 3.671391e-01
2.500000e+00 3.593354e-01
2.656250e+00 3.509097e-01
2.812500e+00 3.441574e-01
2.968750e+00 3.358499e-01
3.125000e+00 3.278699e-01
3.281250e+00 3.209013e-01
3.437500e+00 3.142518e-01
3.593750e+00 3.069731e-01
3.750000e+00 3.001420e-01
3.906250e+00 2.930332e-01
4.062500e+00 2.864849e-01
4.218750e+00 2.795490e-01
4.375000e+00 2.713683e-01
4.531250e+00 2.644836e-01
4.687500e+00 2.572521e-01
4.843750e+00 2.512129e-01
5.000000e+00 2.466884e-01
5.156250e+00 2.421169e-01
5.312500e+00 2.367739e-01
5.468750e+00 2.324575e-01
5.625000e+00 2.279383e-01
5.781250e+00 2.232144e-01
5.937500e+00 2.178333e-01
6.093750e+00 2.123639e-01
6.250000e+00 2.080682e-01
6.406250e+00 2.042915e-01
6.562500e+00 1.996788e-01
6.718750e+00 1.959533e-01
6.875000e+00 1.924274e-01
7.031250e+00 1.898237e-01
7.187500e+00 1.874427e-01
7.343750e+00 1.849910e-01
7.500000e+00 1.821904e-01
7.656250e+00 1.794073e-01
7.812500e+00 1.759488e-01
7.968750e+00 1.730198e-01
8.125000e+00 1.707343e-01
8.281250e+00 1.678901e-01
8.437500e+00 1.658147e-01
8.593750e+00 1.636475e-01
8.750000e+00 1.609818e-01
8.906250e+00 1.590861e-01
9.062500e+00 1.568814e-01
9.218750e+00 1.546325e-01
9.375000e+00 1.526282e-01
9.531250e+00 1.500564e-01
9.687500e+00 1.470664e-01
9.843750e+00 1.452835e-01
1.000000e+01 1.431769e-01
1.015625e+01 1.414633e-01
1.031250e+01 1.391173e-01
1.046875e+01 1.374420e-01
1.062500e+01 1.356249e-01
1.078125e+01 1.335847e-01
1.093750e+01 1.309973e-01
1.109375e+01 1.285288e-01
1.125000e+01 1.256780e-01
1.140625e+01 1.234209e-01
1.156250e+01 1.208035e-01
1.171875e+01 1.184981e-01
1.187500e+01 1.158069e-01
1.203125e+01 1.137041e-01
1.218750e+01 1.121398e-01
1.234375e+01 1.099201e-01
1.250000e+01 1.074310e-01
1.265625e+01 1.052309e-01
1.281250e+01 1.033874e-01
1.296875e+01 1.008858e-01
1.312500e+01 9.859146e-02
1.328125e+01 9.636309e-02
1.343750e+01 9.259066e-02
1.359375e+01 9.008254e-02
1.375000e+01 8.756643e-02
1.390625e+01 8.500746e-02
1.406250e+01 8.328036e-02
1.421875e+01 8.173554e-02
1.437500e+01 8.043677e-02
1.453125e+01 7.929198e-02
1.468750e+01 7.808780e-02
1.484375e+01 7.613909e-02
1.500000e+01 7.515529e-02
1.515625e+01 7.401986e-02
1.531250e+01 7.274915e-02
1.546875e+01 7.159755e-02
1.562500e+01 7.043066e-02
1.578125e+01 6.940052e-02
1.593750e+01 6.813154e-02
1.609375e+01 6.731845e-02
1.625000e+01 6.669274e-02
1.640625e+01 6.605255e-02
1.656250e+01 6.527572e-02
1.671875e+01 6.410892e-02
1.687500e+01 6.310064e-02
1.703125e+01 6.219644e-02
1.718750e+01 6.062109e-02
1.734375e+01 5.990863e-02
1.750000e+01 5.907204e-02
1.765625e+01 5.846076e-02
1.781250e+01 5.794431e-02
1.796875e+01 5.725641e-02
1.812500e+01 5.673734e-02
1.828125e+01 5.631030e-02
1.843750e+01 5.589031e-02
1.859375e+01 5.529491e-02
1.875000e+01 5.466800e-02
1.890625e+01 5.339510e-02
1.906250e+01 5.274977e-02
1.921875e+01 5.180982e-02
1.937500e+01 5.072963e-02
1.953125e+01 4.971338e-02
1.968750e+01 4.922288e-02
1.984375e+01 4.841689e-02
2.000000e+01 4.782079e-02
2.015625e+01 4.737734e-02
2.031250e+01 4.685157e-02
2.046875e+01 4.599435e-02
2.062500e+01 4.542220e-02
2.078125e+01 4.449812e-02
2.093750e+01 4.354158e-02
2.109375e+01 4.266994e-02
2.125000e+01 4.186500e-02
2.140625e+01 4.088189e-02
2.156250e+01 3.979246e-02
2.171875e+01 3.848285e-02
2.187500e+01 3.712405e-02
2.203125e+01 3.639869e-02
2.218750e+01 3.532924e-02
2.234375e+01 3.478001e-02
2.250000e+01 3.451999e-02
2.265625e+01 3.424881e-02
2.281250e+01 3.394201e-02
2.296875e+01 3.359494e-02
2.312500e+01 3.316212e-02
2.328125e+01 3.255036e-02
2.343750e+01 3.138884e-02
2.359375e+01 3.062872e-02
2.375000e+01 3.022706e-02
2.390625e+01 2.998446e-02
2.406250e+01 2.962880e-02
2.421875e+01 2.895749e-02
2.437500e+01 2.864958e-02
2.453125e+01 2.811050e-02
2.468750e+01 2.734248e-02
2.484375e+01 2.642857e-02
2.500000e+01 2.586578e-02
2.515625e+01 2.507237e-02
2.531250e+01 2.468529e-02
2.546875e+01 2.410774e-02
2.562500e+01 2.371705e-02
2.578125e+01 2.315860e-02
2.593750e+01 2.273125e-02
2.609375e+01 2.224886e-02
2.625000e+01 2.156192e-02
2.640625e+01 2.114167e-02
2.656250e+01 2.093182e-02
2.671875e+01 2.057680e-02
2.687500e+01 2.006075e-02
2.703125e+01 1.944205e-02
2.718750e+01 1.872687e-02
2.734375e+01 1.786137e-02
2.750000e+01 1.745048e-02
2.765625e+01 1.672590e-02
2.781250e+01 1.599052e-02
2.796875e+01 1.530463e-02
2.812500e+01 1.484794e-02
2.828125e+01 1.433892e-02
2.843750e+01 1.415882e-02
2.859375e+01 1.397790e-02
2.875000e+01 1.382837e-02
2.890625e+01 1.366963e-02
2.906250e+01 1.344540e-02
2.921875e+01 1.322615e-02
2.937500e+01 1.272634e-02
2.953125e+01 1.245895e-02
2.968750e+01 1.210042e-02
2.984375e+01 1.186320e-02
3.000000e+01 1.161779e-02
3.015625e+01 1.134737e-02
3.031250e+01 1.091057e-02
3.046875e+01 1.067469e-02
3.062500e+01 1.058784e-02
3.078125e+01 1.054513e-02
3.093750e+01 1.048190e-02
3.109375e+01 1.037613e-02
3.125000e+01 1.028986e-02
3.140625e+01 1.021329e-02
3.156250e+01 1.013079e-02
3.171875e+01 1.004744e-02
3.187500e+01 9.958273e-03
3.203125e+01 9.817024e-03
3.218750e+01 9.676066e-03
3.234375e+01 9.547571e-03
3.250000e+01 9.278340e-03
3.265625e+01 9.058024e-03
3.281250e+01 8.836959e-03
3.296875e+01 8.682717e-03
3.312500e+01 8.484744e-03
3.328125e+01 8.326836e-03
3.343750e+01 8.209188e-03
3.359375e+01 8.088953e-03
3.375000e+01 7.979819e-03
3.390625e+01 7.798824e-03
3.406250e+01 7.706583e-03
3.421875e+01 7.500078e-03
3.437500e+01 7.349134e-03
3.453125e+01 7.103398e-03
3.468750e+01 6.882428e-03
3.484375e+01 6.772719e-03
3.500000e+01 6.666573e-03
3.515625e+01 6.611721e-03
3.531250e+01 6.561979e-03
3.546875e+01 6.523534e-03
3.562500e+01 6.463693e-03
3.578125e+01 6.396017e-03
3.593750e+01 6.272595e-03
3.609375e+01 6.152016e-03
3.625000e+01 5.998921e-03
3.640625e+01 5.829465e-03
3.656250e+01 5.712958e-03
3.671875e+01 5.264505e-03
3.687500e+01 5.099396e-03
3.703125e+01 4.868287e-03
3.718750e+01 4.763431e-03
3.734375e+01 4.653720e-03
3.750000e+01 4.454816e-03
3.765625e+01 4.280660e-03
3.781250e+01 4.212513e-03
3.796875e+01 4.089244e-03
3.812500e+01 4.060324e-03
3.828125e+01 4.033706e-03
3.843750e+01 4.016782e-03
3.859375e+01 4.000876e-03
3.875000e+01 3.978469e-03
3.890625e+01 3.957854e-03
3.906250e+01 3.935213e-03
3.921875e+01 3.902383e-03
3.937500e+01 3.845531e-03
3.953125e+01 3.800414e-03
3.968750e+01 3.734497e-03
3.984375e+01 3.575532e-03
4.000000e+01 3.550860e-03
4.015625e+01 3.517905e-03
4.031250e+01 3.487708e-03
4.046875e+01 3.420886e-03
4.062500e+01 3.250932e-03
4.078125e+01 3.013137e-03
4.093750e+01 2.955265e-03
4.109375e+01 2.918219e-03
4.125000e+01 2.868258e-03
4.140625e+01 2.820177e-03
4.156250e+01 2.780690e-03
4.171875e+01 2.758306e-03
4.187500e+01 2.733517e-03
4.203125e+01 2.714437e-03
4.218750e+01 2.679616e-03
4.234375e+01 2.654334e-03
4.250000e+01 2.627308e-03
4.265625e+01 2.604781e-03
4.281250e+01 2.571325e-03
4.296875e+01 2.538619e-03
4.312500e+01 2.496128e-03
4.328125e+01 2.438322e-03
4.343750e+01 2.325781e-03
4.359375e+01 2.175941e-03
4.375000e+01 1.903033e-03
4.390625e+01 1.507883e-03
4.406250e+01 1.420514e-03
4.421875e+01 1.296586e-03
4.437500e+01 1.128974e-03
4.453125e+01 1.030390e-03
4.468750e+01 9.236497e-04
4.484375e+01 9.047816e-04
4.500000e+01 8.876867e-04
4.515625e+01 8.803943e-04
4.531250e+01 8.736132e-04
4.546875e+01 8.649982e-04
4.562500e+01 8.580292e-04
4.578125e+01 8.515937e-04
4.593750e+01 8.453875e-04
4.609375e+01 8.360797e-04
4.625000e+01 8.319007e-04
4.640625e+01 8.248814e-04
4.656250e+01 8.140810e-04
4.671875e+01 8.086967e-04
4.687500e+01 8.007432e-04
4.703125e+01 7.931715e-04
4.718750e+01 7.790934e-04
4.734375e+01 7.462196e-04
4.750000e+01 6.760173e-04
4.765625e+01 5.769753e-04
4.781250e+01 4.607590e-04
4.796875e+01 3.782329e-04
4.812500e+01 1.974850e-04
4.828125e+01 1.655408e-04
4.843750e+01 1.530807e-04
4.859375e+01 1.465378e-04
4.875000e+01 1.369334e-04
4.890625e+01 1.329201e-04
4.906250e+01 1.315950e-04
4.921875e+01 1.294341e-04
4.937500e+01 1.178564e-04
4.953125e+01 1.174490e-04
4.968750e+01 1.163538e-04
4.984375e+01 1.120581e-04
5.000000e+01 1.108213e-04
5.015625e+01 1.103119e-04
5.031250e+01 1.101824e-04
5.046875e+01 1.100233e-04
5.062500e+01 1.098712e-04
5.078125e+01 1.097187e-04
5.093750e+01 1.088182e-04
5.109375e+01 1.080047e-04
5.125000e+01 1.076629e-04
5.140625e+01 1.068338e-04
5.156250e+01 1.062361e-04
5.171875e+01 1.057580e-04
5.187500e+01 1.052103e-04
5.203125e+01 1.039859e-04
5.218750e+01 1.028896e-04
5.234375e+01 9.483336e-05
5.250000e+01 9.316331e-05
5.265625e+01 9.296487e-05
5.281250e+01 9.283374e-05
5.296875e+01 9.257171e-05
5.312500e+01 9.222605e-05
5.328125e+01 9.178865e-05
5.343750e+01 9.108536e-05
5.359375e+01 8.980813e-05
5.375000e+01 8.444901e-05
5.390625e+01 7.933797e-05
5.406250e+01 7.621102e-05
5.421875e+01 7.252210e-05
5.437500e+01 6.687613e-05
5.453125e+01 5.703984e-05
5.468750e+01 3.817268e-05
5.484375e+01 3.599702e-05
5.500000e+01 3.297784e-05
5.515625e+01 3.115982e-05
5.531250e+01 2.958911e-05
5.546875e+01 2.652101e-05
5.562500e+01 2.605875e-05
5.578125e+01 2.571114e-05
5.593750e+01 2.503661e-05
5.609375e+01 2.416644e-05
5.625000e+01 2.284276e-05
5.640625e+01 2.157540e-05
5.656250e+01 2.069838e-05
5.671875e+01 1.937134e-05
5.687500e+01 1.836146e-05
5.703125e+01 1.825404e-05
5.718750e+01 1.818715e-05
5.734375e+01 1.808729e-05
5.750000e+01 1.770767e-05
5.765625e+01 1.683395e-05
5.781250e+01 1.508846e-05
5.796875e+01 1.401038e-05
5.812500e+01 1.281483e-05
5.828125e+01 1.259143e-05
5.843750e+01 1.230988e-05
5.859375e+01 1.119619e-05
5.875000e+01 1.047990e-05
5.890625e+01 1.031916e-05
5.906250e+01 1.028177e-05
5.921875e+01 1.015283e-05
5.937500e+01 9.957850e-06
5.953125e+01 9.771945e-06
5.968750e+01 9.437225e-06
5.984375e+01 9.131905e-06
6.000000e+01 7.194142e-06
6.015625e+01 2.205224e-06
6.031250e+01 2.146571e-06
6.046875e+01 2.141292e-06
6.062500e+01 2.136108e-06
6.078125e+01 2.128311e-06
6.093750e+01 2.122666e-06
6.109375e+01 2.119316e-06
6.125000e+01 2.114383e-06
6.140625e+01 2.107364e-06
6.156250e+01 2.100028e-06
6.171875e+01 2.081858e-06
6.187500e+01 2.056162e-06
6.203125e+01 2.039118e-06
6.218750e+01 1.977939e-06
6.234375e+01 1.095658e-06
6.250000e+01 5.120659e-07
6.265625e+01 4.990606e-07
6.281250e+01 4.935596e-07
6.296875e+01 4.775775e-07
6.312500e+01 4.501271e-07
6.328125e+01 4.433329e-07
6.343750e+01 4.394679e-07
6.359375e+01 4.342374e-07
6.375000e+01 4.198852e-07
6.390625e+01 3.771243e-07
6.406250e+01 3.231652e-07
6.421875e+01 2.005276e-07
6.437500e+01 7.003175e-08
6.453125e+01 5.115883e-08
6.468750e+01 1.067798e-08
6.484375e+01 5.638374e-09
6.500000e+01 5.133772e-09
6.515625e+01 5.033672e-09
6.531250e+01 4.939583e-09
6.546875e+01 4.886992e-09
6.562500e+01 4.871549e-09
6.578125e+01 4.857556e-09
6.593750e+01 4.822539e-09
6.609375e+01 4.815216e-09
6.625000e+01 4.808085e-09
6.640625e+01 4.799627e-09
6.656250e+01 4.795716e-09
6.671875e+01 4.794574e-09
6.687500e+01 4.793393e-09
6.703125e+01 4.792418e-09
6.718750e+01 4.791268e-09
6.734375e+01 4.790439e-09
6.750000e+01 4.789835e-09
6.765625e+01 4.788229e-09
6.781250e+01 4.787325e-09
6.796875e+01 4.787161e-09
6.812500e+01 4.786976e-09
6.828125e+01 4.786810e-09
6.843750e+01 4.785686e-09
6.859375e+01 4.784582e-09
6.875000e+01 4.782733e-09
6.890625e+01 4.774728e-09
6.906250e+01 4.772669e-09
6.921875e+01 4.772547e-09
6.937500e+01 4.772489e-09
6.953125e+01 4.772427e-09
6.968750e+01 4.772188e-09
6.984375e+01 4.770064e-09
7.000000e+01 4.746607e-09
7.015625e+01 4.745789e-09
7.031250e+01 4.745550e-09
7.046875e+01 4.745210e-09
7.062500e+01 4.743675e-09
7.078125e+01 4.740318e-09
7.093750e+01 4.729508e-09
7.109375e+01 4.728636e-09
7.125000e+01 4.727941e-09
7.140625e+01 4.725924e-09
7.156250e+01 4.721341e-09
7.171875e+01 4.716679e-09
7.187500e+01 4.715703e-09
7.203125e+01 4.715074e-09
7.218750e+01 4.714122e-09
7.234375e+01 4.713651e-09
7.250000e+01 4.709556e-09
7.265625e+01 4.707338e-09
7.281250e+01 4.705151e-09
7.296875e+01 4.701924e-09
7.312500e+01 4.693930e-09
7.328125e+01 4.678576e-09
7.343750e+01 4.668842e-09
7.359375e+01 4.665165e-09
7.375000e+01 4.661710e-09
7.390625e+01 4.655403e-09
7.406250e+01 4.652368e-09
7.421875e+01 4.650741e-09
7.437500e+01 4.648908e-09
7.453125e+01 4.641289e-09
7.468750e+01 4.635928e-09
7.484375e+01 4.634191e-09
7.500000e+01 4.626564e-09
7.515625e+01 4.624474e-09
7.531250e+01 4.623047e-09
7.546875e+01 4.620464e-09
7.562500e+01 4.618020e-09
7.578125e+01 4.615818e-09
7.593750e+01 4.615245e-09
7.609375e+01 4.605473e-09
7.625000e+01 4.602686e-09
7.640625e+01 4.602202e-09
7.656250e+01 4.599913e-09
7.671875e+01 4.597762e-09
7.687500e+01 4.596993e-09
7.703125e+01 4.596063e-09
7.718750e+01 4.594650e-09
7.734375e+01 4.590860e-09
7.750000e+01 4.574992e-09
7.765625e+01 4.573182e-09
7.781250e+01 4.566239e-09
7.796875e+01 4.558567e-09
7.812500e+01 4.543013e-09
7.828125e+01 4.531344e-09
7.843750e+01 4.519717e-09
7.859375e+01 4.517161e-09
7.875000e+01 4.514980e-09
7.890625e+01 4.513283e-09
7.906250e+01 4.505867e-09
7.921875e+01 4.491977e-09
7.937500e+01 4.484104e-09
7.953125e+01 4.477369e-09
7.968750e+01 4.462625e-09
7.984375e+01 4.451342e-09
