# x[h^-1_cMpc]  F_mean
0.000000e+00 5.607706e-01
1.562500e-01 5.217149e-01
3.125000e-01 4.912444e-01
4.687500e-01 4.704753e-01
6.250000e-01 4.505768e-01
7.812500e-01 4.337131e-01
9.375000e-01 4.184480e-01
1.093750e+00 4.046913e-01
1.250000e+00 3.912702e-01
1.406250e+00 3.788635e-01
1.562500e+00 3.671091e-01
1.718750e+00 3.565599e-01
1.875000e+00 3.461924e-01
2.031250e+00 3.382370e-01
2.187500e+00 3.308068e-01
2.343750e+00 3.234158e-01
2.500000e+00 3.164471e-01
2.656250e+00 3.079774e-01
2.812500e+00 3.004832e-01
2.968750e+00 2.936794e-01
3.125000e+00 2.858166e-01
3.281250e+00 2.790182e-01
3.437500e+00 2.722911e-01
3.593750e+00 2.660038e-01
3.750000e+00 2.605722e-01
3.906250e+00 2.543134e-01
4.062500e+00 2.480219e-01
4.218750e+00 2.425440e-01
4.375000e+00 2.370422e-01
4.531250e+00 2.319651e-01
4.687500e+00 2.266891e-01
4.843750e+00 2.219822e-01
5.000000e+00 2.160921e-01
5.156250e+00 2.115403e-01
5.312500e+00 2.068374e-01
5.468750e+00 2.023402e-01
5.625000e+00 1.990334e-01
5.781250e+00 1.946116e-01
5.937500e+00 1.906320e-01
6.093750e+00 1.871918e-01
6.250000e+00 1.836736e-01
6.406250e+00 1.806120e-01
6.562500e+00 1.774992e-01
6.718750e+00 1.734562e-01
6.875000e+00 1.702557e-01
7.031250e+00 1.673064e-01
7.187500e+00 1.646390e-01
7.343750e+00 1.621948e-01
7.500000e+00 1.594197e-01
7.656250e+00 1.565365e-01
7.812500e+00 1.536686e-01
7.968750e+00 1.506180e-01
8.125000e+00 1.482876e-01
8.281250e+00 1.458013e-01
8.437500e+00 1.430627e-01
8.593750e+00 1.409796e-01
8.750000e+00 1.389476e-01
8.906250e+00 1.363568e-01
9.062500e+00 1.337871e-01
9.218750e+00 1.313213e-01
9.375000e+00 1.290129e-01
9.531250e+00 1.264677e-01
9.687500e+00 1.243363e-01
9.843750e+00 1.224487e-01
1.000000e+01 1.208574e-01
1.015625e+01 1.194294e-01
1.031250e+01 1.177295e-01
1.046875e+01 1.160830e-01
1.062500e+01 1.144110e-01
1.078125e+01 1.128315e-01
1.093750e+01 1.111536e-01
1.109375e+01 1.092880e-01
1.125000e+01 1.069485e-01
1.140625e+01 1.051954e-01
1.156250e+01 1.032711e-01
1.171875e+01 1.011605e-01
1.187500e+01 9.945244e-02
1.203125e+01 9.754068e-02
1.218750e+01 9.578057e-02
1.234375e+01 9.354300e-02
1.250000e+01 9.126248e-02
1.265625e+01 8.958463e-02
1.281250e+01 8.725196e-02
1.296875e+01 8.528422e-02
1.312500e+01 8.370313e-02
1.328125e+01 8.143662e-02
1.343750e+01 7.970531e-02
1.359375e+01 7.826118e-02
1.375000e+01 7.655911e-02
1.390625e+01 7.529505e-02
1.406250e+01 7.367453e-02
1.421875e+01 7.224675e-02
1.437500e+01 7.034184e-02
1.453125e+01 6.862949e-02
1.468750e+01 6.703806e-02
1.484375e+01 6.509927e-02
1.500000e+01 6.342792e-02
1.515625e+01 6.173378e-02
1.531250e+01 6.046862e-02
1.546875e+01 5.895816e-02
1.562500e+01 5.745375e-02
1.578125e+01 5.635415e-02
1.593750e+01 5.513882e-02
1.609375e+01 5.364765e-02
1.625000e+01 5.242880e-02
1.640625e+01 5.104169e-02
1.656250e+01 4.954477e-02
1.671875e+01 4.843804e-02
1.687500e+01 4.757466e-02
1.703125e+01 4.675415e-02
1.718750e+01 4.581875e-02
1.734375e+01 4.488517e-02
1.750000e+01 4.405446e-02
1.765625e+01 4.327693e-02
1.781250e+01 4.252884e-02
1.796875e+01 4.185108e-02
1.812500e+01 4.114331e-02
1.828125e+01 4.030706e-02
1.843750e+01 3.967131e-02
1.859375e+01 3.915358e-02
1.875000e+01 3.854103e-02
1.890625e+01 3.779122e-02
1.906250e+01 3.683831e-02
1.921875e+01 3.605897e-02
1.937500e+01 3.541718e-02
1.953125e+01 3.455009e-02
1.968750e+01 3.369257e-02
1.984375e+01 3.287316e-02
2.000000e+01 3.231284e-02
2.015625e+01 3.167265e-02
2.031250e+01 3.091898e-02
2.046875e+01 3.025714e-02
2.062500e+01 2.980467e-02
2.078125e+01 2.928100e-02
2.093750e+01 2.862887e-02
2.109375e+01 2.797559e-02
2.125000e+01 2.739321e-02
2.140625e+01 2.688089e-02
2.156250e+01 2.635165e-02
2.171875e+01 2.589617e-02
2.187500e+01 2.542905e-02
2.203125e+01 2.454518e-02
2.218750e+01 2.393005e-02
2.234375e+01 2.335536e-02
2.250000e+01 2.288026e-02
2.265625e+01 2.234297e-02
2.281250e+01 2.192204e-02
2.296875e+01 2.158421e-02
2.312500e+01 2.116470e-02
2.328125e+01 2.071943e-02
2.343750e+01 2.027186e-02
2.359375e+01 1.992100e-02
2.375000e+01 1.958032e-02
2.390625e+01 1.922019e-02
2.406250e+01 1.893516e-02
2.421875e+01 1.870957e-02
2.437500e+01 1.844426e-02
2.453125e+01 1.808301e-02
2.468750e+01 1.775186e-02
2.484375e+01 1.741535e-02
2.500000e+01 1.713072e-02
2.515625e+01 1.687233e-02
2.531250e+01 1.658457e-02
2.546875e+01 1.629786e-02
2.562500e+01 1.599836e-02
2.578125e+01 1.572591e-02
2.593750e+01 1.544261e-02
2.609375e+01 1.512750e-02
2.625000e+01 1.480990e-02
2.640625e+01 1.447404e-02
2.656250e+01 1.413222e-02
2.671875e+01 1.378158e-02
2.687500e+01 1.337130e-02
2.703125e+01 1.297897e-02
2.718750e+01 1.261750e-02
2.734375e+01 1.221326e-02
2.750000e+01 1.188226e-02
2.765625e+01 1.148964e-02
2.781250e+01 1.124366e-02
2.796875e+01 1.100914e-02
2.812500e+01 1.073102e-02
2.828125e+01 1.049168e-02
2.843750e+01 1.020670e-02
2.859375e+01 9.899549e-03
2.875000e+01 9.503369e-03
2.890625e+01 9.276119e-03
2.906250e+01 9.063794e-03
2.921875e+01 8.799820e-03
2.937500e+01 8.580400e-03
2.953125e+01 8.362795e-03
2.968750e+01 8.156091e-03
2.984375e+01 7.863280e-03
3.000000e+01 7.703733e-03
3.015625e+01 7.480832e-03
3.031250e+01 7.343117e-03
3.046875e+01 7.201763e-03
3.062500e+01 7.067431e-03
3.078125e+01 6.934460e-03
3.093750e+01 6.807396e-03
3.109375e+01 6.670226e-03
3.125000e+01 6.550257e-03
3.140625e+01 6.368451e-03
3.156250e+01 6.191763e-03
3.171875e+01 5.993257e-03
3.187500e+01 5.855771e-03
3.203125e+01 5.632792e-03
3.218750e+01 5.474949e-03
3.234375e+01 5.350508e-03
3.250000e+01 5.223713e-03
3.265625e+01 5.094979e-03
3.281250e+01 4.998724e-03
3.296875e+01 4.882183e-03
3.312500e+01 4.737705e-03
3.328125e+01 4.650349e-03
3.343750e+01 4.568199e-03
3.359375e+01 4.442258e-03
3.375000e+01 4.340074e-03
3.390625e+01 4.173600e-03
3.406250e+01 4.102239e-03
3.421875e+01 4.020469e-03
3.437500e+01 3.908214e-03
3.453125e+01 3.829758e-03
3.468750e+01 3.736397e-03
3.484375e+01 3.594273e-03
3.500000e+01 3.433592e-03
3.515625e+01 3.347011e-03
3.531250e+01 3.282879e-03
3.546875e+01 3.234373e-03
3.562500e+01 3.192058e-03
3.578125e+01 3.142209e-03
3.593750e+01 3.061032e-03
3.609375e+01 2.980610e-03
3.625000e+01 2.895328e-03
3.640625e+01 2.813102e-03
3.656250e+01 2.719845e-03
3.671875e+01 2.633074e-03
3.687500e+01 2.580741e-03
3.703125e+01 2.481726e-03
3.718750e+01 2.413649e-03
3.734375e+01 2.361399e-03
3.750000e+01 2.294124e-03
3.765625e+01 2.222804e-03
3.781250e+01 2.172372e-03
3.796875e+01 2.125259e-03
3.812500e+01 2.067070e-03
3.828125e+01 2.026321e-03
3.843750e+01 1.987526e-03
3.859375e+01 1.947900e-03
3.875000e+01 1.874991e-03
3.890625e+01 1.834197e-03
3.906250e+01 1.805117e-03
3.921875e+01 1.770817e-03
3.937500e+01 1.733370e-03
3.953125e+01 1.709614e-03
3.968750e+01 1.678647e-03
3.984375e+01 1.636942e-03
4.000000e+01 1.600368e-03
4.015625e+01 1.569675e-03
4.031250e+01 1.544567e-03
4.046875e+01 1.506629e-03
4.062500e+01 1.459743e-03
4.078125e+01 1.419766e-03
4.093750e+01 1.400660e-03
4.109375e+01 1.382280e-03
4.125000e+01 1.361628e-03
4.140625e+01 1.343126e-03
4.156250e+01 1.322075e-03
4.171875e+01 1.282462e-03
4.187500e+01 1.266413e-03
4.203125e+01 1.244719e-03
4.218750e+01 1.220760e-03
4.234375e+01 1.176148e-03
4.250000e+01 1.152198e-03
4.265625e+01 1.137493e-03
4.281250e+01 1.120082e-03
4.296875e+01 1.105749e-03
4.312500e+01 1.086947e-03
4.328125e+01 1.056340e-03
4.343750e+01 1.034657e-03
4.359375e+01 1.003005e-03
4.375000e+01 9.802410e-04
4.390625e+01 9.542765e-04
4.406250e+01 9.088182e-04
4.421875e+01 8.834522e-04
4.437500e+01 8.576980e-04
4.453125e+01 8.279078e-04
4.468750e+01 7.823494e-04
4.484375e+01 7.605319e-04
4.500000e+01 7.482904e-04
4.515625e+01 7.356049e-04
4.531250e+01 7.144904e-04
4.546875e+01 6.836894e-04
4.562500e+01 6.672467e-04
4.578125e+01 6.542066e-04
4.593750e+01 6.389966e-04
4.609375e+01 6.287514e-04
4.625000e+01 6.097636e-04
4.640625e+01 5.987401e-04
4.656250e+01 5.804903e-04
4.671875e+01 5.738347e-04
4.687500e+01 5.629468e-04
4.703125e+01 5.468491e-04
4.718750e+01 5.360385e-04
4.734375e+01 5.257280e-04
4.750000e+01 5.147386e-04
4.765625e+01 4.993947e-04
4.781250e+01 4.810405e-04
4.796875e+01 4.613328e-04
4.812500e+01 4.515677e-04
4.828125e+01 4.426532e-04
4.843750e+01 4.330866e-04
4.859375e+01 4.289980e-04
4.875000e+01 4.245639e-04
4.890625e+01 4.162095e-04
4.906250e+01 4.118222e-04
4.921875e+01 4.078854e-04
4.937500e+01 4.004743e-04
4.953125e+01 3.959906e-04
4.968750e+01 3.893519e-04
4.984375e+01 3.745718e-04
5.000000e+01 3.699000e-04
5.015625e+01 3.665276e-04
5.031250e+01 3.503006e-04
5.046875e+01 3.268907e-04
5.062500e+01 3.234361e-04
5.078125e+01 3.191984e-04
5.093750e+01 3.166523e-04
5.109375e+01 3.115588e-04
5.125000e+01 3.066603e-04
5.140625e+01 3.034501e-04
5.156250e+01 2.991602e-04
5.171875e+01 2.956355e-04
5.187500e+01 2.886869e-04
5.203125e+01 2.712346e-04
5.218750e+01 2.649823e-04
5.234375e+01 2.601684e-04
5.250000e+01 2.553924e-04
5.265625e+01 2.503101e-04
5.281250e+01 2.460105e-04
5.296875e+01 2.391826e-04
5.312500e+01 2.302975e-04
5.328125e+01 2.229748e-04
5.343750e+01 2.170284e-04
5.359375e+01 2.144135e-04
5.375000e+01 2.109175e-04
5.390625e+01 2.067404e-04
5.406250e+01 1.978313e-04
5.421875e+01 1.939213e-04
5.437500e+01 1.896486e-04
5.453125e+01 1.822528e-04
5.468750e+01 1.792509e-04
5.484375e+01 1.774089e-04
5.500000e+01 1.740840e-04
5.515625e+01 1.718094e-04
5.531250e+01 1.652875e-04
5.546875e+01 1.574247e-04
5.562500e+01 1.503990e-04
5.578125e+01 1.454587e-04
5.593750e+01 1.422267e-04
5.609375e+01 1.383766e-04
5.625000e+01 1.337256e-04
5.640625e+01 1.294331e-04
5.656250e+01 1.248587e-04
5.671875e+01 1.180022e-04
5.687500e+01 1.116034e-04
5.703125e+01 1.030396e-04
5.718750e+01 9.914931e-05
5.734375e+01 9.556786e-05
5.750000e+01 9.210096e-05
5.765625e+01 8.795389e-05
5.781250e+01 8.286242e-05
5.796875e+01 7.794561e-05
5.812500e+01 6.894158e-05
5.828125e+01 5.685914e-05
5.843750e+01 4.918275e-05
5.859375e+01 4.461944e-05
5.875000e+01 4.095606e-05
5.890625e+01 3.574196e-05
5.906250e+01 3.470897e-05
5.921875e+01 3.371035e-05
5.937500e+01 3.310615e-05
5.953125e+01 3.261175e-05
5.968750e+01 3.209327e-05
5.984375e+01 3.129534e-05
6.000000e+01 3.064092e-05
6.015625e+01 2.943903e-05
6.031250e+01 2.780953e-05
6.046875e+01 2.695980e-05
6.062500e+01 2.600357e-05
6.078125e+01 2.532562e-05
6.093750e+01 2.469622e-05
6.109375e+01 2.401475e-05
6.125000e+01 2.349191e-05
6.140625e+01 2.303929e-05
6.156250e+01 2.258407e-05
6.171875e+01 2.210657e-05
6.187500e+01 2.156647e-05
6.203125e+01 2.106519e-05
6.218750e+01 1.974851e-05
6.234375e+01 1.941441e-05
6.250000e+01 1.893496e-05
6.265625e+01 1.846247e-05
6.281250e+01 1.665354e-05
6.296875e+01 1.631509e-05
6.312500e+01 1.603947e-05
6.328125e+01 1.571034e-05
6.343750e+01 1.552986e-05
6.359375e+01 1.537810e-05
6.375000e+01 1.486644e-05
6.390625e+01 1.368699e-05
6.406250e+01 1.313649e-05
6.421875e+01 1.289540e-05
6.437500e+01 1.242109e-05
6.453125e+01 1.224218e-05
6.468750e+01 1.201758e-05
6.484375e+01 1.176614e-05
6.500000e+01 1.157349e-05
6.515625e+01 1.127088e-05
6.531250e+01 1.088493e-05
6.546875e+01 1.059441e-05
6.562500e+01 1.036033e-05
6.578125e+01 9.939568e-06
6.593750e+01 9.617620e-06
6.609375e+01 8.829936e-06
6.625000e+01 8.677495e-06
6.640625e+01 8.539048e-06
6.656250e+01 8.423911e-06
6.671875e+01 8.339321e-06
6.687500e+01 8.270991e-06
6.703125e+01 8.172219e-06
6.718750e+01 8.018844e-06
6.734375e+01 7.860135e-06
6.750000e+01 7.780466e-06
6.765625e+01 7.680837e-06
6.781250e+01 7.608075e-06
6.796875e+01 7.507158e-06
6.812500e+01 7.450642e-06
6.828125e+01 7.308043e-06
6.843750e+01 7.204446e-06
6.859375e+01 7.154877e-06
6.875000e+01 7.036926e-06
6.890625e+01 6.898596e-06
6.906250e+01 6.838453e-06
6.921875e+01 6.813094e-06
6.937500e+01 6.753034e-06
6.953125e+01 6.681581e-06
6.968750e+01 6.619583e-06
6.984375e+01 6.543017e-06
7.000000e+01 6.450282e-06
7.015625e+01 6.418898e-06
7.031250e+01 6.373188e-06
7.046875e+01 6.318932e-06
7.062500e+01 6.273630e-06
7.078125e+01 6.193853e-06
7.093750e+01 6.054121e-06
7.109375e+01 6.000793e-06
7.125000e+01 5.968323e-06
7.140625e+01 5.942355e-06
7.156250e+01 5.900663e-06
7.171875e+01 5.875731e-06
7.187500e+01 5.854641e-06
7.203125e+01 5.803985e-06
7.218750e+01 5.770793e-06
7.234375e+01 5.732587e-06
7.250000e+01 5.690437e-06
7.265625e+01 5.682039e-06
7.281250e+01 5.669687e-06
7.296875e+01 5.645461e-06
7.312500e+01 5.621822e-06
7.328125e+01 5.603967e-06
7.343750e+01 5.559504e-06
7.359375e+01 5.499590e-06
7.375000e+01 5.381467e-06
7.390625e+01 5.231827e-06
7.406250e+01 5.074792e-06
7.421875e+01 5.035818e-06
7.437500e+01 5.028476e-06
7.453125e+01 5.013878e-06
7.468750e+01 5.006275e-06
7.484375e+01 4.996106e-06
7.500000e+01 4.982959e-06
7.515625e+01 4.954269e-06
7.531250e+01 4.935661e-06
7.546875e+01 4.920074e-06
7.562500e+01 4.910310e-06
7.578125e+01 4.893200e-06
7.593750e+01 4.885251e-06
7.609375e+01 4.876790e-06
7.625000e+01 4.865996e-06
7.640625e+01 4.766719e-06
7.656250e+01 4.743317e-06
7.671875e+01 4.723196e-06
7.687500e+01 4.711988e-06
7.703125e+01 4.692110e-06
7.718750e+01 4.616628e-06
7.734375e+01 4.540132e-06
7.750000e+01 4.483412e-06
7.765625e+01 4.470176e-06
7.781250e+01 4.445323e-06
7.796875e+01 4.417987e-06
7.812500e+01 4.361669e-06
7.828125e+01 4.262133e-06
7.843750e+01 4.252171e-06
7.859375e+01 4.236478e-06
7.875000e+01 4.220008e-06
7.890625e+01 4.206575e-06
7.906250e+01 4.191991e-06
7.921875e+01 4.176753e-06
7.937500e+01 4.160182e-06
7.953125e+01 4.129041e-06
7.968750e+01 4.108791e-06
7.984375e+01 4.074712e-06
