# x[h^-1_cMpc]  F_mean
0.000000e+00 1.649745e-01
1.562500e-01 1.361860e-01
3.125000e-01 1.170430e-01
4.687500e-01 1.038471e-01
6.250000e-01 9.188717e-02
7.812500e-01 8.300737e-02
9.375000e-01 7.621456e-02
1.093750e+00 6.894589e-02
1.250000e+00 6.234602e-02
1.406250e+00 5.594994e-02
1.562500e+00 5.058260e-02
1.718750e+00 4.627500e-02
1.875000e+00 4.176400e-02
2.031250e+00 3.851913e-02
2.187500e+00 3.461260e-02
2.343750e+00 3.201673e-02
2.500000e+00 2.986135e-02
2.656250e+00 2.740580e-02
2.812500e+00 2.500927e-02
2.968750e+00 2.341991e-02
3.125000e+00 2.214365e-02
3.281250e+00 2.070140e-02
3.437500e+00 1.946307e-02
3.593750e+00 1.823162e-02
3.750000e+00 1.684863e-02
3.906250e+00 1.482942e-02
4.062500e+00 1.296732e-02
4.218750e+00 1.150489e-02
4.375000e+00 9.952906e-03
4.531250e+00 8.506479e-03
4.687500e+00 7.820814e-03
4.843750e+00 7.081796e-03
5.000000e+00 6.089961e-03
5.156250e+00 5.258595e-03
5.312500e+00 4.809932e-03
5.468750e+00 4.366056e-03
5.625000e+00 3.764741e-03
5.781250e+00 3.392847e-03
5.937500e+00 3.167693e-03
6.093750e+00 3.042076e-03
6.250000e+00 2.938755e-03
6.406250e+00 2.741154e-03
6.562500e+00 2.654306e-03
6.718750e+00 2.567958e-03
6.875000e+00 2.494560e-03
7.031250e+00 2.391580e-03
7.187500e+00 2.089781e-03
7.343750e+00 1.926076e-03
7.500000e+00 1.564337e-03
7.656250e+00 1.438072e-03
7.812500e+00 1.319461e-03
7.968750e+00 1.177333e-03
8.125000e+00 9.184584e-04
8.281250e+00 8.137574e-04
8.437500e+00 7.285576e-04
8.593750e+00 6.544573e-04
8.750000e+00 6.262474e-04
8.906250e+00 5.822074e-04
9.062500e+00 4.648641e-04
9.218750e+00 3.835163e-04
9.375000e+00 1.856540e-04
9.531250e+00 1.367344e-04
9.687500e+00 1.238426e-04
9.843750e+00 1.007118e-04
1.000000e+01 8.358690e-05
1.015625e+01 6.434217e-05
1.031250e+01 5.147530e-05
1.046875e+01 3.911114e-05
1.062500e+01 2.439570e-05
1.078125e+01 2.024926e-05
1.093750e+01 1.930755e-05
1.109375e+01 1.778285e-05
1.125000e+01 1.724539e-05
1.140625e+01 1.693404e-05
1.156250e+01 1.655373e-05
1.171875e+01 1.556107e-05
1.187500e+01 1.531528e-05
1.203125e+01 1.515536e-05
1.218750e+01 1.499543e-05
1.234375e+01 1.448908e-05
1.250000e+01 1.354786e-05
1.265625e+01 1.301566e-05
1.281250e+01 1.229823e-05
1.296875e+01 1.199472e-05
1.312500e+01 1.106056e-05
1.328125e+01 1.266985e-06
1.343750e+01 1.202710e-06
1.359375e+01 1.140328e-06
1.375000e+01 1.064555e-06
1.390625e+01 9.985592e-07
1.406250e+01 9.396288e-07
1.421875e+01 8.683192e-07
1.437500e+01 7.979743e-07
1.453125e+01 7.320053e-07
1.468750e+01 7.132620e-07
1.484375e+01 7.016336e-07
1.500000e+01 6.889658e-07
1.515625e+01 6.539350e-07
1.531250e+01 6.400608e-07
1.546875e+01 6.371891e-07
1.562500e+01 6.358068e-07
1.578125e+01 4.055571e-07
1.593750e+01 3.742187e-07
1.609375e+01 3.684615e-07
1.625000e+01 3.600697e-07
1.640625e+01 3.454637e-07
1.656250e+01 3.402268e-07
1.671875e+01 3.354075e-07
1.687500e+01 3.285200e-07
1.703125e+01 3.091337e-07
1.718750e+01 2.793744e-07
1.734375e+01 2.710381e-07
1.750000e+01 2.684341e-07
1.765625e+01 2.675510e-07
1.781250e+01 2.429271e-07
1.796875e+01 2.243476e-07
1.812500e+01 2.226110e-07
1.828125e+01 2.220527e-07
1.843750e+01 2.212728e-07
1.859375e+01 2.190961e-07
1.875000e+01 2.178033e-07
1.890625e+01 2.158772e-07
1.906250e+01 2.128248e-07
1.921875e+01 2.023763e-07
1.937500e+01 1.983834e-07
1.953125e+01 1.887329e-07
1.968750e+01 1.807123e-07
1.984375e+01 1.712561e-07
2.000000e+01 1.468372e-07
2.015625e+01 1.113513e-07
2.031250e+01 3.020083e-10
2.046875e+01 1.921808e-10
2.062500e+01 1.900708e-10
2.078125e+01 1.806343e-10
2.093750e+01 1.635654e-10
2.109375e+01 1.373695e-10
2.125000e+01 8.420376e-11
2.140625e+01 8.116538e-13
2.156250e+01 1.204877e-23
2.171875e+01 9.452562e-43
2.187500e+01 3.041748e-47
2.203125e+01 3.022357e-47
2.218750e+01 3.015700e-47
2.234375e+01 3.010345e-47
2.250000e+01 2.994906e-47
2.265625e+01 2.980697e-47
2.281250e+01 2.954996e-47
2.296875e+01 2.919174e-47
2.312500e+01 2.889517e-47
2.328125e+01 2.865518e-47
2.343750e+01 2.838472e-47
2.359375e+01 2.822217e-47
2.375000e+01 2.816686e-47
2.390625e+01 2.813511e-47
2.406250e+01 2.502789e-47
2.421875e+01 2.314069e-47
2.437500e+01 2.310431e-47
2.453125e+01 2.307106e-47
2.468750e+01 2.305897e-47
2.484375e+01 2.305260e-47
2.500000e+01 2.303453e-47
2.515625e+01 2.302407e-47
2.531250e+01 2.301502e-47
2.546875e+01 2.298842e-47
2.562500e+01 2.292258e-47
2.578125e+01 2.282659e-47
2.593750e+01 2.276872e-47
2.609375e+01 2.258022e-47
2.625000e+01 2.189043e-47
2.640625e+01 2.135881e-47
2.656250e+01 2.120424e-47
2.671875e+01 2.098181e-47
2.687500e+01 2.079525e-47
2.703125e+01 2.053587e-47
2.718750e+01 2.025873e-47
2.734375e+01 1.859622e-47
2.750000e+01 1.805307e-47
2.765625e+01 1.731695e-47
2.781250e+01 1.603806e-47
2.796875e+01 1.416237e-47
2.812500e+01 1.363416e-47
2.828125e+01 1.347261e-47
2.843750e+01 1.246205e-47
2.859375e+01 1.102147e-47
2.875000e+01 1.072733e-47
2.890625e+01 1.032170e-47
2.906250e+01 9.781405e-48
2.921875e+01 9.464372e-48
2.937500e+01 9.293581e-48
2.953125e+01 9.175895e-48
2.968750e+01 8.930388e-48
2.984375e+01 8.889262e-48
3.000000e+01 8.860403e-48
3.015625e+01 8.796581e-48
3.031250e+01 8.766682e-48
3.046875e+01 8.739571e-48
3.062500e+01 8.706856e-48
3.078125e+01 8.684043e-48
3.093750e+01 8.628323e-48
3.109375e+01 8.392470e-48
3.125000e+01 6.234173e-48
3.140625e+01 5.073116e-49
3.156250e+01 5.898296e-50
3.171875e+01 4.134527e-50
3.187500e+01 3.202303e-50
3.203125e+01 2.005713e-50
3.218750e+01 3.034409e-54
3.234375e+01 1.514810e-55
3.250000e+01 1.409846e-55
3.265625e+01 1.338576e-55
3.281250e+01 1.246512e-55
3.296875e+01 1.048258e-55
3.312500e+01 9.304735e-56
3.328125e+01 8.487123e-56
3.343750e+01 7.993686e-56
3.359375e+01 7.514043e-56
3.375000e+01 6.831478e-56
3.390625e+01 6.223885e-56
3.406250e+01 5.684774e-56
3.421875e+01 4.385729e-56
3.437500e+01 2.044998e-56
3.453125e+01 7.100599e-57
3.468750e+01 2.005295e-58
3.484375e+01 3.332787e-59
3.500000e+01 2.600653e-59
3.515625e+01 2.222872e-59
3.531250e+01 1.961124e-59
3.546875e+01 1.943210e-59
3.562500e+01 1.934495e-59
3.578125e+01 1.795002e-59
3.593750e+01 1.651284e-59
3.609375e+01 1.439613e-59
3.625000e+01 1.080171e-59
3.640625e+01 6.364784e-60
3.656250e+01 3.737081e-60
3.671875e+01 3.476117e-60
3.687500e+01 2.569411e-60
3.703125e+01 1.393840e-60
3.718750e+01 1.186476e-60
3.734375e+01 1.042356e-64
3.750000e+01 1.051693e-73
3.765625e+01 8.879695e-98
3.781250e+01 1.889106e-220
3.796875e+01 0.000000e+00
3.812500e+01 0.000000e+00
3.828125e+01 0.000000e+00
3.843750e+01 0.000000e+00
3.859375e+01 0.000000e+00
3.875000e+01 0.000000e+00
3.890625e+01 0.000000e+00
3.906250e+01 0.000000e+00
3.921875e+01 0.000000e+00
3.937500e+01 0.000000e+00
3.953125e+01 0.000000e+00
3.968750e+01 0.000000e+00
3.984375e+01 0.000000e+00
4.000000e+01 0.000000e+00
4.015625e+01 0.000000e+00
4.031250e+01 0.000000e+00
4.046875e+01 0.000000e+00
4.062500e+01 0.000000e+00
4.078125e+01 0.000000e+00
4.093750e+01 0.000000e+00
4.109375e+01 0.000000e+00
4.125000e+01 0.000000e+00
4.140625e+01 0.000000e+00
4.156250e+01 0.000000e+00
4.171875e+01 0.000000e+00
4.187500e+01 0.000000e+00
4.203125e+01 0.000000e+00
4.218750e+01 0.000000e+00
4.234375e+01 0.000000e+00
4.250000e+01 0.000000e+00
4.265625e+01 0.000000e+00
4.281250e+01 0.000000e+00
4.296875e+01 0.000000e+00
4.312500e+01 0.000000e+00
4.328125e+01 0.000000e+00
4.343750e+01 0.000000e+00
4.359375e+01 0.000000e+00
4.375000e+01 0.000000e+00
4.390625e+01 0.000000e+00
4.406250e+01 0.000000e+00
4.421875e+01 0.000000e+00
4.437500e+01 0.000000e+00
4.453125e+01 0.000000e+00
4.468750e+01 0.000000e+00
4.484375e+01 0.000000e+00
4.500000e+01 0.000000e+00
4.515625e+01 0.000000e+00
4.531250e+01 0.000000e+00
4.546875e+01 0.000000e+00
4.562500e+01 0.000000e+00
4.578125e+01 0.000000e+00
4.593750e+01 0.000000e+00
4.609375e+01 0.000000e+00
4.625000e+01 0.000000e+00
4.640625e+01 0.000000e+00
4.656250e+01 0.000000e+00
4.671875e+01 0.000000e+00
4.687500e+01 0.000000e+00
4.703125e+01 0.000000e+00
4.718750e+01 0.000000e+00
4.734375e+01 0.000000e+00
4.750000e+01 0.000000e+00
4.765625e+01 0.000000e+00
4.781250e+01 0.000000e+00
4.796875e+01 0.000000e+00
4.812500e+01 0.000000e+00
4.828125e+01 0.000000e+00
4.843750e+01 0.000000e+00
4.859375e+01 0.000000e+00
4.875000e+01 0.000000e+00
4.890625e+01 0.000000e+00
4.906250e+01 0.000000e+00
4.921875e+01 0.000000e+00
4.937500e+01 0.000000e+00
4.953125e+01 0.000000e+00
4.968750e+01 0.000000e+00
4.984375e+01 0.000000e+00
5.000000e+01 0.000000e+00
5.015625e+01 0.000000e+00
5.031250e+01 0.000000e+00
5.046875e+01 0.000000e+00
5.062500e+01 0.000000e+00
5.078125e+01 0.000000e+00
5.093750e+01 0.000000e+00
5.109375e+01 0.000000e+00
5.125000e+01 0.000000e+00
5.140625e+01 0.000000e+00
5.156250e+01 0.000000e+00
5.171875e+01 0.000000e+00
5.187500e+01 0.000000e+00
5.203125e+01 0.000000e+00
5.218750e+01 0.000000e+00
5.234375e+01 0.000000e+00
5.250000e+01 0.000000e+00
5.265625e+01 0.000000e+00
5.281250e+01 0.000000e+00
5.296875e+01 0.000000e+00
5.312500e+01 0.000000e+00
5.328125e+01 0.000000e+00
5.343750e+01 0.000000e+00
5.359375e+01 0.000000e+00
5.375000e+01 0.000000e+00
5.390625e+01 0.000000e+00
5.406250e+01 0.000000e+00
5.421875e+01 0.000000e+00
5.437500e+01 0.000000e+00
5.453125e+01 0.000000e+00
5.468750e+01 0.000000e+00
5.484375e+01 0.000000e+00
5.500000e+01 0.000000e+00
5.515625e+01 0.000000e+00
5.531250e+01 0.000000e+00
5.546875e+01 0.000000e+00
5.562500e+01 0.000000e+00
5.578125e+01 0.000000e+00
5.593750e+01 0.000000e+00
5.609375e+01 0.000000e+00
5.625000e+01 0.000000e+00
5.640625e+01 0.000000e+00
5.656250e+01 0.000000e+00
5.671875e+01 0.000000e+00
5.687500e+01 0.000000e+00
5.703125e+01 0.000000e+00
5.718750e+01 0.000000e+00
5.734375e+01 0.000000e+00
5.750000e+01 0.000000e+00
5.765625e+01 0.000000e+00
5.781250e+01 0.000000e+00
5.796875e+01 0.000000e+00
5.812500e+01 0.000000e+00
5.828125e+01 0.000000e+00
5.843750e+01 0.000000e+00
5.859375e+01 0.000000e+00
5.875000e+01 0.000000e+00
5.890625e+01 0.000000e+00
5.906250e+01 0.000000e+00
5.921875e+01 0.000000e+00
5.937500e+01 0.000000e+00
5.953125e+01 0.000000e+00
5.968750e+01 0.000000e+00
5.984375e+01 0.000000e+00
6.000000e+01 0.000000e+00
6.015625e+01 0.000000e+00
6.031250e+01 0.000000e+00
6.046875e+01 0.000000e+00
6.062500e+01 0.000000e+00
6.078125e+01 0.000000e+00
6.093750e+01 0.000000e+00
6.109375e+01 0.000000e+00
6.125000e+01 0.000000e+00
6.140625e+01 0.000000e+00
6.156250e+01 0.000000e+00
6.171875e+01 0.000000e+00
6.187500e+01 0.000000e+00
6.203125e+01 0.000000e+00
6.218750e+01 0.000000e+00
6.234375e+01 0.000000e+00
6.250000e+01 0.000000e+00
6.265625e+01 0.000000e+00
6.281250e+01 0.000000e+00
6.296875e+01 0.000000e+00
6.312500e+01 0.000000e+00
6.328125e+01 0.000000e+00
6.343750e+01 0.000000e+00
6.359375e+01 0.000000e+00
6.375000e+01 0.000000e+00
6.390625e+01 0.000000e+00
6.406250e+01 0.000000e+00
6.421875e+01 0.000000e+00
6.437500e+01 0.000000e+00
6.453125e+01 0.000000e+00
6.468750e+01 0.000000e+00
6.484375e+01 0.000000e+00
6.500000e+01 0.000000e+00
6.515625e+01 0.000000e+00
6.531250e+01 0.000000e+00
6.546875e+01 0.000000e+00
6.562500e+01 0.000000e+00
6.578125e+01 0.000000e+00
6.593750e+01 0.000000e+00
6.609375e+01 0.000000e+00
6.625000e+01 0.000000e+00
6.640625e+01 0.000000e+00
6.656250e+01 0.000000e+00
6.671875e+01 0.000000e+00
6.687500e+01 0.000000e+00
6.703125e+01 0.000000e+00
6.718750e+01 0.000000e+00
6.734375e+01 0.000000e+00
6.750000e+01 0.000000e+00
6.765625e+01 0.000000e+00
6.781250e+01 0.000000e+00
6.796875e+01 0.000000e+00
6.812500e+01 0.000000e+00
6.828125e+01 0.000000e+00
6.843750e+01 0.000000e+00
6.859375e+01 0.000000e+00
6.875000e+01 0.000000e+00
6.890625e+01 0.000000e+00
6.906250e+01 0.000000e+00
6.921875e+01 0.000000e+00
6.937500e+01 0.000000e+00
6.953125e+01 0.000000e+00
6.968750e+01 0.000000e+00
6.984375e+01 0.000000e+00
7.000000e+01 0.000000e+00
7.015625e+01 0.000000e+00
7.031250e+01 0.000000e+00
7.046875e+01 0.000000e+00
7.062500e+01 0.000000e+00
7.078125e+01 0.000000e+00
7.093750e+01 0.000000e+00
7.109375e+01 0.000000e+00
7.125000e+01 0.000000e+00
7.140625e+01 0.000000e+00
7.156250e+01 0.000000e+00
7.171875e+01 0.000000e+00
7.187500e+01 0.000000e+00
7.203125e+01 0.000000e+00
7.218750e+01 0.000000e+00
7.234375e+01 0.000000e+00
7.250000e+01 0.000000e+00
7.265625e+01 0.000000e+00
7.281250e+01 0.000000e+00
7.296875e+01 0.000000e+00
7.312500e+01 0.000000e+00
7.328125e+01 0.000000e+00
7.343750e+01 0.000000e+00
7.359375e+01 0.000000e+00
7.375000e+01 0.000000e+00
7.390625e+01 0.000000e+00
7.406250e+01 0.000000e+00
7.421875e+01 0.000000e+00
7.437500e+01 0.000000e+00
7.453125e+01 0.000000e+00
7.468750e+01 0.000000e+00
7.484375e+01 0.000000e+00
7.500000e+01 0.000000e+00
7.515625e+01 0.000000e+00
7.531250e+01 0.000000e+00
7.546875e+01 0.000000e+00
7.562500e+01 0.000000e+00
7.578125e+01 0.000000e+00
7.593750e+01 0.000000e+00
7.609375e+01 0.000000e+00
7.625000e+01 0.000000e+00
7.640625e+01 0.000000e+00
7.656250e+01 0.000000e+00
7.671875e+01 0.000000e+00
7.687500e+01 0.000000e+00
7.703125e+01 0.000000e+00
7.718750e+01 0.000000e+00
7.734375e+01 0.000000e+00
7.750000e+01 0.000000e+00
7.765625e+01 0.000000e+00
7.781250e+01 0.000000e+00
7.796875e+01 0.000000e+00
7.812500e+01 0.000000e+00
7.828125e+01 0.000000e+00
7.843750e+01 0.000000e+00
7.859375e+01 0.000000e+00
7.875000e+01 0.000000e+00
7.890625e+01 0.000000e+00
7.906250e+01 0.000000e+00
7.921875e+01 0.000000e+00
7.937500e+01 0.000000e+00
7.953125e+01 0.000000e+00
7.968750e+01 0.000000e+00
7.984375e+01 0.000000e+00
