# x[h^-1_cMpc]  F_mean
0.000000e+00 4.490712e-02
1.562500e-01 2.793861e-02
3.125000e-01 1.942122e-02
4.687500e-01 1.318998e-02
6.250000e-01 8.797027e-03
7.812500e-01 6.066296e-03
9.375000e-01 4.720628e-03
1.093750e+00 3.530887e-03
1.250000e+00 2.471273e-03
1.406250e+00 1.420621e-03
1.562500e+00 1.090057e-03
1.718750e+00 8.232593e-04
1.875000e+00 6.166815e-04
2.031250e+00 4.451510e-04
2.187500e+00 2.806564e-04
2.343750e+00 1.526802e-04
2.500000e+00 1.104954e-04
2.656250e+00 9.374251e-05
2.812500e+00 7.366330e-05
2.968750e+00 5.988423e-05
3.125000e+00 4.757611e-05
3.281250e+00 3.552787e-05
3.437500e+00 2.198007e-05
3.593750e+00 1.650059e-05
3.750000e+00 1.295851e-05
3.906250e+00 1.098036e-05
4.062500e+00 9.329919e-06
4.218750e+00 7.664013e-06
4.375000e+00 5.345210e-06
4.531250e+00 1.454454e-06
4.687500e+00 8.710643e-07
4.843750e+00 5.274146e-07
5.000000e+00 3.061544e-07
5.156250e+00 2.452153e-07
5.312500e+00 1.630463e-07
5.468750e+00 1.556682e-07
5.625000e+00 1.466537e-07
5.781250e+00 1.283108e-07
5.937500e+00 9.178891e-08
6.093750e+00 5.810712e-08
6.250000e+00 4.597261e-08
6.406250e+00 4.117905e-08
6.562500e+00 3.565174e-08
6.718750e+00 2.893204e-08
6.875000e+00 2.479541e-08
7.031250e+00 3.965003e-09
7.187500e+00 3.555790e-09
7.343750e+00 2.408854e-09
7.500000e+00 1.483454e-09
7.656250e+00 9.133337e-10
7.812500e+00 3.982722e-10
7.968750e+00 4.842102e-11
8.125000e+00 2.337707e-11
8.281250e+00 1.870882e-11
8.437500e+00 1.522619e-11
8.593750e+00 1.127433e-11
8.750000e+00 2.978394e-14
8.906250e+00 2.198375e-14
9.062500e+00 1.421770e-14
9.218750e+00 1.177416e-15
9.375000e+00 2.497483e-16
9.531250e+00 2.316430e-16
9.687500e+00 1.957888e-16
9.843750e+00 1.447812e-16
1.000000e+01 8.691974e-17
1.015625e+01 7.133905e-17
1.031250e+01 4.164796e-17
1.046875e+01 2.056446e-20
1.062500e+01 3.940487e-26
1.078125e+01 2.624952e-28
1.093750e+01 1.291052e-28
1.109375e+01 9.585395e-29
1.125000e+01 7.378348e-29
1.140625e+01 5.671239e-29
1.156250e+01 4.134247e-29
1.171875e+01 3.049945e-29
1.187500e+01 2.549005e-29
1.203125e+01 2.113770e-31
1.218750e+01 5.732321e-36
1.234375e+01 5.483580e-44
1.250000e+01 3.811863e-44
1.265625e+01 3.530055e-45
1.281250e+01 2.047230e-45
1.296875e+01 1.583458e-45
1.312500e+01 1.197570e-45
1.328125e+01 1.030583e-45
1.343750e+01 8.059945e-46
1.359375e+01 6.533409e-46
1.375000e+01 3.921910e-46
1.390625e+01 3.185084e-47
1.406250e+01 5.892602e-48
1.421875e+01 5.353339e-50
1.437500e+01 1.706533e-50
1.453125e+01 1.273472e-50
1.468750e+01 7.965630e-51
1.484375e+01 2.256838e-51
1.500000e+01 6.486345e-52
1.515625e+01 5.351979e-52
1.531250e+01 4.770813e-52
1.546875e+01 3.745314e-52
1.562500e+01 3.453287e-52
1.578125e+01 3.110005e-52
1.593750e+01 2.320765e-52
1.609375e+01 1.323546e-52
1.625000e+01 8.395567e-53
1.640625e+01 7.333783e-53
1.656250e+01 6.632264e-53
1.671875e+01 5.795457e-53
1.687500e+01 5.203736e-53
1.703125e+01 4.434283e-53
1.718750e+01 1.274125e-53
1.734375e+01 8.208390e-54
1.750000e+01 6.937767e-54
1.765625e+01 5.870316e-54
1.781250e+01 4.244223e-54
1.796875e+01 5.839367e-56
1.812500e+01 3.903318e-57
1.828125e+01 2.748094e-57
1.843750e+01 2.130103e-57
1.859375e+01 1.921733e-57
1.875000e+01 1.793665e-57
1.890625e+01 1.522601e-57
1.906250e+01 3.961073e-60
1.921875e+01 1.034949e-61
1.937500e+01 3.025600e-62
1.953125e+01 1.215904e-62
1.968750e+01 2.100065e-63
1.984375e+01 6.800938e-64
2.000000e+01 2.174288e-64
2.015625e+01 2.592855e-65
2.031250e+01 7.071060e-66
2.046875e+01 6.209487e-66
2.062500e+01 5.965582e-66
2.078125e+01 5.759809e-66
2.093750e+01 4.904287e-66
2.109375e+01 2.545058e-66
2.125000e+01 9.664954e-67
2.140625e+01 9.290109e-67
2.156250e+01 7.895762e-67
2.171875e+01 2.896058e-67
2.187500e+01 1.690560e-67
2.203125e+01 1.232216e-67
2.218750e+01 1.553092e-68
2.234375e+01 1.353843e-68
2.250000e+01 9.890261e-70
2.265625e+01 8.595190e-70
2.281250e+01 6.520851e-70
2.296875e+01 9.300238e-73
2.312500e+01 1.504115e-77
2.328125e+01 4.633942e-79
2.343750e+01 2.486697e-79
2.359375e+01 5.932974e-80
2.375000e+01 3.842106e-80
2.390625e+01 2.364373e-80
2.406250e+01 1.067653e-80
2.421875e+01 3.850392e-81
2.437500e+01 7.543342e-82
2.453125e+01 7.023260e-97
2.468750e+01 2.705136e-172
2.484375e+01 6.533999e-197
2.500000e+01 1.566972e-205
2.515625e+01 9.814233e-236
2.531250e+01 0.000000e+00
2.546875e+01 0.000000e+00
2.562500e+01 0.000000e+00
2.578125e+01 0.000000e+00
2.593750e+01 0.000000e+00
2.609375e+01 0.000000e+00
2.625000e+01 0.000000e+00
2.640625e+01 0.000000e+00
2.656250e+01 0.000000e+00
2.671875e+01 0.000000e+00
2.687500e+01 0.000000e+00
2.703125e+01 0.000000e+00
2.718750e+01 0.000000e+00
2.734375e+01 0.000000e+00
2.750000e+01 0.000000e+00
2.765625e+01 0.000000e+00
2.781250e+01 0.000000e+00
2.796875e+01 0.000000e+00
2.812500e+01 0.000000e+00
2.828125e+01 0.000000e+00
2.843750e+01 0.000000e+00
2.859375e+01 0.000000e+00
2.875000e+01 0.000000e+00
2.890625e+01 0.000000e+00
2.906250e+01 0.000000e+00
2.921875e+01 0.000000e+00
2.937500e+01 0.000000e+00
2.953125e+01 0.000000e+00
2.968750e+01 0.000000e+00
2.984375e+01 0.000000e+00
3.000000e+01 0.000000e+00
3.015625e+01 0.000000e+00
3.031250e+01 0.000000e+00
3.046875e+01 0.000000e+00
3.062500e+01 0.000000e+00
3.078125e+01 0.000000e+00
3.093750e+01 0.000000e+00
3.109375e+01 0.000000e+00
3.125000e+01 0.000000e+00
3.140625e+01 0.000000e+00
3.156250e+01 0.000000e+00
3.171875e+01 0.000000e+00
3.187500e+01 0.000000e+00
3.203125e+01 0.000000e+00
3.218750e+01 0.000000e+00
3.234375e+01 0.000000e+00
3.250000e+01 0.000000e+00
3.265625e+01 0.000000e+00
3.281250e+01 0.000000e+00
3.296875e+01 0.000000e+00
3.312500e+01 0.000000e+00
3.328125e+01 0.000000e+00
3.343750e+01 0.000000e+00
3.359375e+01 0.000000e+00
3.375000e+01 0.000000e+00
3.390625e+01 0.000000e+00
3.406250e+01 0.000000e+00
3.421875e+01 0.000000e+00
3.437500e+01 0.000000e+00
3.453125e+01 0.000000e+00
3.468750e+01 0.000000e+00
3.484375e+01 0.000000e+00
3.500000e+01 0.000000e+00
3.515625e+01 0.000000e+00
3.531250e+01 0.000000e+00
3.546875e+01 0.000000e+00
3.562500e+01 0.000000e+00
3.578125e+01 0.000000e+00
3.593750e+01 0.000000e+00
3.609375e+01 0.000000e+00
3.625000e+01 0.000000e+00
3.640625e+01 0.000000e+00
3.656250e+01 0.000000e+00
3.671875e+01 0.000000e+00
3.687500e+01 0.000000e+00
3.703125e+01 0.000000e+00
3.718750e+01 0.000000e+00
3.734375e+01 0.000000e+00
3.750000e+01 0.000000e+00
3.765625e+01 0.000000e+00
3.781250e+01 0.000000e+00
3.796875e+01 0.000000e+00
3.812500e+01 0.000000e+00
3.828125e+01 0.000000e+00
3.843750e+01 0.000000e+00
3.859375e+01 0.000000e+00
3.875000e+01 0.000000e+00
3.890625e+01 0.000000e+00
3.906250e+01 0.000000e+00
3.921875e+01 0.000000e+00
3.937500e+01 0.000000e+00
3.953125e+01 0.000000e+00
3.968750e+01 0.000000e+00
3.984375e+01 0.000000e+00
4.000000e+01 0.000000e+00
4.015625e+01 0.000000e+00
4.031250e+01 0.000000e+00
4.046875e+01 0.000000e+00
4.062500e+01 0.000000e+00
4.078125e+01 0.000000e+00
4.093750e+01 0.000000e+00
4.109375e+01 0.000000e+00
4.125000e+01 0.000000e+00
4.140625e+01 0.000000e+00
4.156250e+01 0.000000e+00
4.171875e+01 0.000000e+00
4.187500e+01 0.000000e+00
4.203125e+01 0.000000e+00
4.218750e+01 0.000000e+00
4.234375e+01 0.000000e+00
4.250000e+01 0.000000e+00
4.265625e+01 0.000000e+00
4.281250e+01 0.000000e+00
4.296875e+01 0.000000e+00
4.312500e+01 0.000000e+00
4.328125e+01 0.000000e+00
4.343750e+01 0.000000e+00
4.359375e+01 0.000000e+00
4.375000e+01 0.000000e+00
4.390625e+01 0.000000e+00
4.406250e+01 0.000000e+00
4.421875e+01 0.000000e+00
4.437500e+01 0.000000e+00
4.453125e+01 0.000000e+00
4.468750e+01 0.000000e+00
4.484375e+01 0.000000e+00
4.500000e+01 0.000000e+00
4.515625e+01 0.000000e+00
4.531250e+01 0.000000e+00
4.546875e+01 0.000000e+00
4.562500e+01 0.000000e+00
4.578125e+01 0.000000e+00
4.593750e+01 0.000000e+00
4.609375e+01 0.000000e+00
4.625000e+01 0.000000e+00
4.640625e+01 0.000000e+00
4.656250e+01 0.000000e+00
4.671875e+01 0.000000e+00
4.687500e+01 0.000000e+00
4.703125e+01 0.000000e+00
4.718750e+01 0.000000e+00
4.734375e+01 0.000000e+00
4.750000e+01 0.000000e+00
4.765625e+01 0.000000e+00
4.781250e+01 0.000000e+00
4.796875e+01 0.000000e+00
4.812500e+01 0.000000e+00
4.828125e+01 0.000000e+00
4.843750e+01 0.000000e+00
4.859375e+01 0.000000e+00
4.875000e+01 0.000000e+00
4.890625e+01 0.000000e+00
4.906250e+01 0.000000e+00
4.921875e+01 0.000000e+00
4.937500e+01 0.000000e+00
4.953125e+01 0.000000e+00
4.968750e+01 0.000000e+00
4.984375e+01 0.000000e+00
5.000000e+01 0.000000e+00
5.015625e+01 0.000000e+00
5.031250e+01 0.000000e+00
5.046875e+01 0.000000e+00
5.062500e+01 0.000000e+00
5.078125e+01 0.000000e+00
5.093750e+01 0.000000e+00
5.109375e+01 0.000000e+00
5.125000e+01 0.000000e+00
5.140625e+01 0.000000e+00
5.156250e+01 0.000000e+00
5.171875e+01 0.000000e+00
5.187500e+01 0.000000e+00
5.203125e+01 0.000000e+00
5.218750e+01 0.000000e+00
5.234375e+01 0.000000e+00
5.250000e+01 0.000000e+00
5.265625e+01 0.000000e+00
5.281250e+01 0.000000e+00
5.296875e+01 0.000000e+00
5.312500e+01 0.000000e+00
5.328125e+01 0.000000e+00
5.343750e+01 0.000000e+00
5.359375e+01 0.000000e+00
5.375000e+01 0.000000e+00
5.390625e+01 0.000000e+00
5.406250e+01 0.000000e+00
5.421875e+01 0.000000e+00
5.437500e+01 0.000000e+00
5.453125e+01 0.000000e+00
5.468750e+01 0.000000e+00
5.484375e+01 0.000000e+00
5.500000e+01 0.000000e+00
5.515625e+01 0.000000e+00
5.531250e+01 0.000000e+00
5.546875e+01 0.000000e+00
5.562500e+01 0.000000e+00
5.578125e+01 0.000000e+00
5.593750e+01 0.000000e+00
5.609375e+01 0.000000e+00
5.625000e+01 0.000000e+00
5.640625e+01 0.000000e+00
5.656250e+01 0.000000e+00
5.671875e+01 0.000000e+00
5.687500e+01 0.000000e+00
5.703125e+01 0.000000e+00
5.718750e+01 0.000000e+00
5.734375e+01 0.000000e+00
5.750000e+01 0.000000e+00
5.765625e+01 0.000000e+00
5.781250e+01 0.000000e+00
5.796875e+01 0.000000e+00
5.812500e+01 0.000000e+00
5.828125e+01 0.000000e+00
5.843750e+01 0.000000e+00
5.859375e+01 0.000000e+00
5.875000e+01 0.000000e+00
5.890625e+01 0.000000e+00
5.906250e+01 0.000000e+00
5.921875e+01 0.000000e+00
5.937500e+01 0.000000e+00
5.953125e+01 0.000000e+00
5.968750e+01 0.000000e+00
5.984375e+01 0.000000e+00
6.000000e+01 0.000000e+00
6.015625e+01 0.000000e+00
6.031250e+01 0.000000e+00
6.046875e+01 0.000000e+00
6.062500e+01 0.000000e+00
6.078125e+01 0.000000e+00
6.093750e+01 0.000000e+00
6.109375e+01 0.000000e+00
6.125000e+01 0.000000e+00
6.140625e+01 0.000000e+00
6.156250e+01 0.000000e+00
6.171875e+01 0.000000e+00
6.187500e+01 0.000000e+00
6.203125e+01 0.000000e+00
6.218750e+01 0.000000e+00
6.234375e+01 0.000000e+00
6.250000e+01 0.000000e+00
6.265625e+01 0.000000e+00
6.281250e+01 0.000000e+00
6.296875e+01 0.000000e+00
6.312500e+01 0.000000e+00
6.328125e+01 0.000000e+00
6.343750e+01 0.000000e+00
6.359375e+01 0.000000e+00
6.375000e+01 0.000000e+00
6.390625e+01 0.000000e+00
6.406250e+01 0.000000e+00
6.421875e+01 0.000000e+00
6.437500e+01 0.000000e+00
6.453125e+01 0.000000e+00
6.468750e+01 0.000000e+00
6.484375e+01 0.000000e+00
6.500000e+01 0.000000e+00
6.515625e+01 0.000000e+00
6.531250e+01 0.000000e+00
6.546875e+01 0.000000e+00
6.562500e+01 0.000000e+00
6.578125e+01 0.000000e+00
6.593750e+01 0.000000e+00
6.609375e+01 0.000000e+00
6.625000e+01 0.000000e+00
6.640625e+01 0.000000e+00
6.656250e+01 0.000000e+00
6.671875e+01 0.000000e+00
6.687500e+01 0.000000e+00
6.703125e+01 0.000000e+00
6.718750e+01 0.000000e+00
6.734375e+01 0.000000e+00
6.750000e+01 0.000000e+00
6.765625e+01 0.000000e+00
6.781250e+01 0.000000e+00
6.796875e+01 0.000000e+00
6.812500e+01 0.000000e+00
6.828125e+01 0.000000e+00
6.843750e+01 0.000000e+00
6.859375e+01 0.000000e+00
6.875000e+01 0.000000e+00
6.890625e+01 0.000000e+00
6.906250e+01 0.000000e+00
6.921875e+01 0.000000e+00
6.937500e+01 0.000000e+00
6.953125e+01 0.000000e+00
6.968750e+01 0.000000e+00
6.984375e+01 0.000000e+00
7.000000e+01 0.000000e+00
7.015625e+01 0.000000e+00
7.031250e+01 0.000000e+00
7.046875e+01 0.000000e+00
7.062500e+01 0.000000e+00
7.078125e+01 0.000000e+00
7.093750e+01 0.000000e+00
7.109375e+01 0.000000e+00
7.125000e+01 0.000000e+00
7.140625e+01 0.000000e+00
7.156250e+01 0.000000e+00
7.171875e+01 0.000000e+00
7.187500e+01 0.000000e+00
7.203125e+01 0.000000e+00
7.218750e+01 0.000000e+00
7.234375e+01 0.000000e+00
7.250000e+01 0.000000e+00
7.265625e+01 0.000000e+00
7.281250e+01 0.000000e+00
7.296875e+01 0.000000e+00
7.312500e+01 0.000000e+00
7.328125e+01 0.000000e+00
7.343750e+01 0.000000e+00
7.359375e+01 0.000000e+00
7.375000e+01 0.000000e+00
7.390625e+01 0.000000e+00
7.406250e+01 0.000000e+00
7.421875e+01 0.000000e+00
7.437500e+01 0.000000e+00
7.453125e+01 0.000000e+00
7.468750e+01 0.000000e+00
7.484375e+01 0.000000e+00
7.500000e+01 0.000000e+00
7.515625e+01 0.000000e+00
7.531250e+01 0.000000e+00
7.546875e+01 0.000000e+00
7.562500e+01 0.000000e+00
7.578125e+01 0.000000e+00
7.593750e+01 0.000000e+00
7.609375e+01 0.000000e+00
7.625000e+01 0.000000e+00
7.640625e+01 0.000000e+00
7.656250e+01 0.000000e+00
7.671875e+01 0.000000e+00
7.687500e+01 0.000000e+00
7.703125e+01 0.000000e+00
7.718750e+01 0.000000e+00
7.734375e+01 0.000000e+00
7.750000e+01 0.000000e+00
7.765625e+01 0.000000e+00
7.781250e+01 0.000000e+00
7.796875e+01 0.000000e+00
7.812500e+01 0.000000e+00
7.828125e+01 0.000000e+00
7.843750e+01 0.000000e+00
7.859375e+01 0.000000e+00
7.875000e+01 0.000000e+00
7.890625e+01 0.000000e+00
7.906250e+01 0.000000e+00
7.921875e+01 0.000000e+00
7.937500e+01 0.000000e+00
7.953125e+01 0.000000e+00
7.968750e+01 0.000000e+00
7.984375e+01 0.000000e+00
