# x[h^-1_cMpc]  F_mean
0.000000e+00 4.594439e-02
1.562500e-01 2.725443e-02
3.125000e-01 1.922623e-02
4.687500e-01 1.461915e-02
6.250000e-01 1.010734e-02
7.812500e-01 7.725764e-03
9.375000e-01 5.886305e-03
1.093750e+00 4.475149e-03
1.250000e+00 3.498568e-03
1.406250e+00 2.914797e-03
1.562500e+00 2.181240e-03
1.718750e+00 1.752003e-03
1.875000e+00 1.471863e-03
2.031250e+00 1.180227e-03
2.187500e+00 6.901944e-04
2.343750e+00 3.980297e-04
2.500000e+00 3.425565e-04
2.656250e+00 2.876559e-04
2.812500e+00 2.214621e-04
2.968750e+00 1.251993e-04
3.125000e+00 1.047194e-04
3.281250e+00 9.076533e-05
3.437500e+00 7.781608e-05
3.593750e+00 5.655790e-05
3.750000e+00 4.773059e-05
3.906250e+00 4.235058e-05
4.062500e+00 3.870955e-05
4.218750e+00 3.551193e-05
4.375000e+00 3.006188e-05
4.531250e+00 2.525576e-05
4.687500e+00 2.381937e-05
4.843750e+00 2.155470e-05
5.000000e+00 2.018537e-05
5.156250e+00 1.712589e-05
5.312500e+00 1.602308e-05
5.468750e+00 1.513353e-05
5.625000e+00 1.450749e-05
5.781250e+00 1.368097e-05
5.937500e+00 1.260724e-05
6.093750e+00 1.184366e-05
6.250000e+00 1.118659e-05
6.406250e+00 1.067492e-05
6.562500e+00 9.593875e-06
6.718750e+00 7.588086e-06
6.875000e+00 4.657588e-06
7.031250e+00 3.340919e-07
7.187500e+00 8.691985e-08
7.343750e+00 6.343302e-08
7.500000e+00 5.289251e-08
7.656250e+00 3.812388e-08
7.812500e+00 2.926004e-08
7.968750e+00 2.249263e-08
8.125000e+00 8.795823e-09
8.281250e+00 6.852422e-09
8.437500e+00 5.437389e-09
8.593750e+00 1.702799e-13
8.750000e+00 7.517281e-14
8.906250e+00 1.223868e-14
9.062500e+00 2.450877e-15
9.218750e+00 2.213874e-15
9.375000e+00 1.533226e-15
9.531250e+00 4.910652e-16
9.687500e+00 8.501369e-18
9.843750e+00 1.983506e-18
1.000000e+01 1.555891e-18
1.015625e+01 2.852035e-19
1.031250e+01 2.126057e-19
1.046875e+01 5.913997e-20
1.062500e+01 3.231636e-20
1.078125e+01 2.188852e-20
1.093750e+01 1.962290e-20
1.109375e+01 1.565585e-20
1.125000e+01 1.303955e-20
1.140625e+01 9.906267e-21
1.156250e+01 9.043129e-21
1.171875e+01 7.810337e-21
1.187500e+01 7.650788e-21
1.203125e+01 7.126063e-21
1.218750e+01 2.740419e-21
1.234375e+01 3.200021e-23
1.250000e+01 2.106533e-23
1.265625e+01 2.023535e-23
1.281250e+01 1.997779e-23
1.296875e+01 1.801676e-23
1.312500e+01 1.279294e-23
1.328125e+01 8.348944e-24
1.343750e+01 1.518230e-44
1.359375e+01 1.350442e-48
1.375000e+01 5.823236e-50
1.390625e+01 2.393681e-50
1.406250e+01 1.322143e-50
1.421875e+01 6.806023e-51
1.437500e+01 1.402527e-52
1.453125e+01 7.848908e-55
1.468750e+01 7.618152e-55
1.484375e+01 7.233741e-55
1.500000e+01 6.748173e-55
1.515625e+01 5.626211e-55
1.531250e+01 1.727843e-56
1.546875e+01 2.510322e-59
1.562500e+01 1.685110e-61
1.578125e+01 3.716464e-62
1.593750e+01 3.351775e-62
1.609375e+01 2.768857e-62
1.625000e+01 2.496535e-62
1.640625e+01 2.143094e-62
1.656250e+01 1.887010e-62
1.671875e+01 1.420310e-63
1.687500e+01 1.129103e-63
1.703125e+01 8.694282e-64
1.718750e+01 6.857063e-64
1.734375e+01 2.751180e-64
1.750000e+01 4.529342e-77
1.765625e+01 8.809185e-91
1.781250e+01 3.004256e-91
1.796875e+01 2.646689e-91
1.812500e+01 2.485471e-91
1.828125e+01 2.392273e-91
1.843750e+01 6.981772e-93
1.859375e+01 9.236009e-95
1.875000e+01 1.648464e-97
1.890625e+01 4.952295e-102
1.906250e+01 1.193443e-107
1.921875e+01 1.076822e-107
1.937500e+01 1.006216e-107
1.953125e+01 9.812978e-108
1.968750e+01 9.541454e-108
1.984375e+01 8.913215e-108
2.000000e+01 5.357809e-108
2.015625e+01 3.633827e-108
2.031250e+01 3.218733e-108
2.046875e+01 3.144334e-108
2.062500e+01 3.085621e-108
2.078125e+01 2.940476e-108
2.093750e+01 2.668558e-108
2.109375e+01 2.158607e-108
2.125000e+01 9.516469e-109
2.140625e+01 8.090227e-109
2.156250e+01 7.879229e-109
2.171875e+01 7.629631e-109
2.187500e+01 7.231452e-109
2.203125e+01 5.625120e-109
2.218750e+01 5.214820e-109
2.234375e+01 1.301533e-109
2.250000e+01 1.045155e-109
2.265625e+01 7.624283e-110
2.281250e+01 7.311170e-110
2.296875e+01 7.202010e-110
2.312500e+01 7.058116e-110
2.328125e+01 6.512440e-110
2.343750e+01 6.360174e-110
2.359375e+01 6.245941e-110
2.375000e+01 6.015246e-110
2.390625e+01 5.659279e-110
2.406250e+01 5.346243e-110
2.421875e+01 3.928823e-110
2.437500e+01 3.096468e-110
2.453125e+01 2.886384e-110
2.468750e+01 2.668401e-110
2.484375e+01 2.543655e-110
2.500000e+01 2.030959e-110
2.515625e+01 1.134906e-110
2.531250e+01 9.796253e-111
2.546875e+01 3.506423e-113
2.562500e+01 2.277536e-119
2.578125e+01 1.241642e-128
2.593750e+01 5.439386e-141
2.609375e+01 8.305172e-171
2.625000e+01 3.133881e-204
2.640625e+01 2.690699e-234
2.656250e+01 0.000000e+00
2.671875e+01 0.000000e+00
2.687500e+01 0.000000e+00
2.703125e+01 0.000000e+00
2.718750e+01 0.000000e+00
2.734375e+01 0.000000e+00
2.750000e+01 0.000000e+00
2.765625e+01 0.000000e+00
2.781250e+01 0.000000e+00
2.796875e+01 0.000000e+00
2.812500e+01 0.000000e+00
2.828125e+01 0.000000e+00
2.843750e+01 0.000000e+00
2.859375e+01 0.000000e+00
2.875000e+01 0.000000e+00
2.890625e+01 0.000000e+00
2.906250e+01 0.000000e+00
2.921875e+01 0.000000e+00
2.937500e+01 0.000000e+00
2.953125e+01 0.000000e+00
2.968750e+01 0.000000e+00
2.984375e+01 0.000000e+00
3.000000e+01 0.000000e+00
3.015625e+01 0.000000e+00
3.031250e+01 0.000000e+00
3.046875e+01 0.000000e+00
3.062500e+01 0.000000e+00
3.078125e+01 0.000000e+00
3.093750e+01 0.000000e+00
3.109375e+01 0.000000e+00
3.125000e+01 0.000000e+00
3.140625e+01 0.000000e+00
3.156250e+01 0.000000e+00
3.171875e+01 0.000000e+00
3.187500e+01 0.000000e+00
3.203125e+01 0.000000e+00
3.218750e+01 0.000000e+00
3.234375e+01 0.000000e+00
3.250000e+01 0.000000e+00
3.265625e+01 0.000000e+00
3.281250e+01 0.000000e+00
3.296875e+01 0.000000e+00
3.312500e+01 0.000000e+00
3.328125e+01 0.000000e+00
3.343750e+01 0.000000e+00
3.359375e+01 0.000000e+00
3.375000e+01 0.000000e+00
3.390625e+01 0.000000e+00
3.406250e+01 0.000000e+00
3.421875e+01 0.000000e+00
3.437500e+01 0.000000e+00
3.453125e+01 0.000000e+00
3.468750e+01 0.000000e+00
3.484375e+01 0.000000e+00
3.500000e+01 0.000000e+00
3.515625e+01 0.000000e+00
3.531250e+01 0.000000e+00
3.546875e+01 0.000000e+00
3.562500e+01 0.000000e+00
3.578125e+01 0.000000e+00
3.593750e+01 0.000000e+00
3.609375e+01 0.000000e+00
3.625000e+01 0.000000e+00
3.640625e+01 0.000000e+00
3.656250e+01 0.000000e+00
3.671875e+01 0.000000e+00
3.687500e+01 0.000000e+00
3.703125e+01 0.000000e+00
3.718750e+01 0.000000e+00
3.734375e+01 0.000000e+00
3.750000e+01 0.000000e+00
3.765625e+01 0.000000e+00
3.781250e+01 0.000000e+00
3.796875e+01 0.000000e+00
3.812500e+01 0.000000e+00
3.828125e+01 0.000000e+00
3.843750e+01 0.000000e+00
3.859375e+01 0.000000e+00
3.875000e+01 0.000000e+00
3.890625e+01 0.000000e+00
3.906250e+01 0.000000e+00
3.921875e+01 0.000000e+00
3.937500e+01 0.000000e+00
3.953125e+01 0.000000e+00
3.968750e+01 0.000000e+00
3.984375e+01 0.000000e+00
4.000000e+01 0.000000e+00
4.015625e+01 0.000000e+00
4.031250e+01 0.000000e+00
4.046875e+01 0.000000e+00
4.062500e+01 0.000000e+00
4.078125e+01 0.000000e+00
4.093750e+01 0.000000e+00
4.109375e+01 0.000000e+00
4.125000e+01 0.000000e+00
4.140625e+01 0.000000e+00
4.156250e+01 0.000000e+00
4.171875e+01 0.000000e+00
4.187500e+01 0.000000e+00
4.203125e+01 0.000000e+00
4.218750e+01 0.000000e+00
4.234375e+01 0.000000e+00
4.250000e+01 0.000000e+00
4.265625e+01 0.000000e+00
4.281250e+01 0.000000e+00
4.296875e+01 0.000000e+00
4.312500e+01 0.000000e+00
4.328125e+01 0.000000e+00
4.343750e+01 0.000000e+00
4.359375e+01 0.000000e+00
4.375000e+01 0.000000e+00
4.390625e+01 0.000000e+00
4.406250e+01 0.000000e+00
4.421875e+01 0.000000e+00
4.437500e+01 0.000000e+00
4.453125e+01 0.000000e+00
4.468750e+01 0.000000e+00
4.484375e+01 0.000000e+00
4.500000e+01 0.000000e+00
4.515625e+01 0.000000e+00
4.531250e+01 0.000000e+00
4.546875e+01 0.000000e+00
4.562500e+01 0.000000e+00
4.578125e+01 0.000000e+00
4.593750e+01 0.000000e+00
4.609375e+01 0.000000e+00
4.625000e+01 0.000000e+00
4.640625e+01 0.000000e+00
4.656250e+01 0.000000e+00
4.671875e+01 0.000000e+00
4.687500e+01 0.000000e+00
4.703125e+01 0.000000e+00
4.718750e+01 0.000000e+00
4.734375e+01 0.000000e+00
4.750000e+01 0.000000e+00
4.765625e+01 0.000000e+00
4.781250e+01 0.000000e+00
4.796875e+01 0.000000e+00
4.812500e+01 0.000000e+00
4.828125e+01 0.000000e+00
4.843750e+01 0.000000e+00
4.859375e+01 0.000000e+00
4.875000e+01 0.000000e+00
4.890625e+01 0.000000e+00
4.906250e+01 0.000000e+00
4.921875e+01 0.000000e+00
4.937500e+01 0.000000e+00
4.953125e+01 0.000000e+00
4.968750e+01 0.000000e+00
4.984375e+01 0.000000e+00
5.000000e+01 0.000000e+00
5.015625e+01 0.000000e+00
5.031250e+01 0.000000e+00
5.046875e+01 0.000000e+00
5.062500e+01 0.000000e+00
5.078125e+01 0.000000e+00
5.093750e+01 0.000000e+00
5.109375e+01 0.000000e+00
5.125000e+01 0.000000e+00
5.140625e+01 0.000000e+00
5.156250e+01 0.000000e+00
5.171875e+01 0.000000e+00
5.187500e+01 0.000000e+00
5.203125e+01 0.000000e+00
5.218750e+01 0.000000e+00
5.234375e+01 0.000000e+00
5.250000e+01 0.000000e+00
5.265625e+01 0.000000e+00
5.281250e+01 0.000000e+00
5.296875e+01 0.000000e+00
5.312500e+01 0.000000e+00
5.328125e+01 0.000000e+00
5.343750e+01 0.000000e+00
5.359375e+01 0.000000e+00
5.375000e+01 0.000000e+00
5.390625e+01 0.000000e+00
5.406250e+01 0.000000e+00
5.421875e+01 0.000000e+00
5.437500e+01 0.000000e+00
5.453125e+01 0.000000e+00
5.468750e+01 0.000000e+00
5.484375e+01 0.000000e+00
5.500000e+01 0.000000e+00
5.515625e+01 0.000000e+00
5.531250e+01 0.000000e+00
5.546875e+01 0.000000e+00
5.562500e+01 0.000000e+00
5.578125e+01 0.000000e+00
5.593750e+01 0.000000e+00
5.609375e+01 0.000000e+00
5.625000e+01 0.000000e+00
5.640625e+01 0.000000e+00
5.656250e+01 0.000000e+00
5.671875e+01 0.000000e+00
5.687500e+01 0.000000e+00
5.703125e+01 0.000000e+00
5.718750e+01 0.000000e+00
5.734375e+01 0.000000e+00
5.750000e+01 0.000000e+00
5.765625e+01 0.000000e+00
5.781250e+01 0.000000e+00
5.796875e+01 0.000000e+00
5.812500e+01 0.000000e+00
5.828125e+01 0.000000e+00
5.843750e+01 0.000000e+00
5.859375e+01 0.000000e+00
5.875000e+01 0.000000e+00
5.890625e+01 0.000000e+00
5.906250e+01 0.000000e+00
5.921875e+01 0.000000e+00
5.937500e+01 0.000000e+00
5.953125e+01 0.000000e+00
5.968750e+01 0.000000e+00
5.984375e+01 0.000000e+00
6.000000e+01 0.000000e+00
6.015625e+01 0.000000e+00
6.031250e+01 0.000000e+00
6.046875e+01 0.000000e+00
6.062500e+01 0.000000e+00
6.078125e+01 0.000000e+00
6.093750e+01 0.000000e+00
6.109375e+01 0.000000e+00
6.125000e+01 0.000000e+00
6.140625e+01 0.000000e+00
6.156250e+01 0.000000e+00
6.171875e+01 0.000000e+00
6.187500e+01 0.000000e+00
6.203125e+01 0.000000e+00
6.218750e+01 0.000000e+00
6.234375e+01 0.000000e+00
6.250000e+01 0.000000e+00
6.265625e+01 0.000000e+00
6.281250e+01 0.000000e+00
6.296875e+01 0.000000e+00
6.312500e+01 0.000000e+00
6.328125e+01 0.000000e+00
6.343750e+01 0.000000e+00
6.359375e+01 0.000000e+00
6.375000e+01 0.000000e+00
6.390625e+01 0.000000e+00
6.406250e+01 0.000000e+00
6.421875e+01 0.000000e+00
6.437500e+01 0.000000e+00
6.453125e+01 0.000000e+00
6.468750e+01 0.000000e+00
6.484375e+01 0.000000e+00
6.500000e+01 0.000000e+00
6.515625e+01 0.000000e+00
6.531250e+01 0.000000e+00
6.546875e+01 0.000000e+00
6.562500e+01 0.000000e+00
6.578125e+01 0.000000e+00
6.593750e+01 0.000000e+00
6.609375e+01 0.000000e+00
6.625000e+01 0.000000e+00
6.640625e+01 0.000000e+00
6.656250e+01 0.000000e+00
6.671875e+01 0.000000e+00
6.687500e+01 0.000000e+00
6.703125e+01 0.000000e+00
6.718750e+01 0.000000e+00
6.734375e+01 0.000000e+00
6.750000e+01 0.000000e+00
6.765625e+01 0.000000e+00
6.781250e+01 0.000000e+00
6.796875e+01 0.000000e+00
6.812500e+01 0.000000e+00
6.828125e+01 0.000000e+00
6.843750e+01 0.000000e+00
6.859375e+01 0.000000e+00
6.875000e+01 0.000000e+00
6.890625e+01 0.000000e+00
6.906250e+01 0.000000e+00
6.921875e+01 0.000000e+00
6.937500e+01 0.000000e+00
6.953125e+01 0.000000e+00
6.968750e+01 0.000000e+00
6.984375e+01 0.000000e+00
7.000000e+01 0.000000e+00
7.015625e+01 0.000000e+00
7.031250e+01 0.000000e+00
7.046875e+01 0.000000e+00
7.062500e+01 0.000000e+00
7.078125e+01 0.000000e+00
7.093750e+01 0.000000e+00
7.109375e+01 0.000000e+00
7.125000e+01 0.000000e+00
7.140625e+01 0.000000e+00
7.156250e+01 0.000000e+00
7.171875e+01 0.000000e+00
7.187500e+01 0.000000e+00
7.203125e+01 0.000000e+00
7.218750e+01 0.000000e+00
7.234375e+01 0.000000e+00
7.250000e+01 0.000000e+00
7.265625e+01 0.000000e+00
7.281250e+01 0.000000e+00
7.296875e+01 0.000000e+00
7.312500e+01 0.000000e+00
7.328125e+01 0.000000e+00
7.343750e+01 0.000000e+00
7.359375e+01 0.000000e+00
7.375000e+01 0.000000e+00
7.390625e+01 0.000000e+00
7.406250e+01 0.000000e+00
7.421875e+01 0.000000e+00
7.437500e+01 0.000000e+00
7.453125e+01 0.000000e+00
7.468750e+01 0.000000e+00
7.484375e+01 0.000000e+00
7.500000e+01 0.000000e+00
7.515625e+01 0.000000e+00
7.531250e+01 0.000000e+00
7.546875e+01 0.000000e+00
7.562500e+01 0.000000e+00
7.578125e+01 0.000000e+00
7.593750e+01 0.000000e+00
7.609375e+01 0.000000e+00
7.625000e+01 0.000000e+00
7.640625e+01 0.000000e+00
7.656250e+01 0.000000e+00
7.671875e+01 0.000000e+00
7.687500e+01 0.000000e+00
7.703125e+01 0.000000e+00
7.718750e+01 0.000000e+00
7.734375e+01 0.000000e+00
7.750000e+01 0.000000e+00
7.765625e+01 0.000000e+00
7.781250e+01 0.000000e+00
7.796875e+01 0.000000e+00
7.812500e+01 0.000000e+00
7.828125e+01 0.000000e+00
7.843750e+01 0.000000e+00
7.859375e+01 0.000000e+00
7.875000e+01 0.000000e+00
7.890625e+01 0.000000e+00
7.906250e+01 0.000000e+00
7.921875e+01 0.000000e+00
7.937500e+01 0.000000e+00
7.953125e+01 0.000000e+00
7.968750e+01 0.000000e+00
7.984375e+01 0.000000e+00
