# x[h^-1_cMpc]  F_mean
0.000000e+00 4.183101e-03
1.562500e-01 1.469311e-03
3.125000e-01 8.562265e-04
4.687500e-01 5.493729e-04
6.250000e-01 2.245599e-04
7.812500e-01 5.611400e-05
9.375000e-01 2.878110e-05
1.093750e+00 1.945962e-05
1.250000e+00 8.644576e-06
1.406250e+00 2.642682e-06
1.562500e+00 3.863765e-07
1.718750e+00 6.588840e-08
1.875000e+00 4.704933e-11
2.031250e+00 1.006503e-11
2.187500e+00 7.645572e-13
2.343750e+00 5.523524e-13
2.500000e+00 3.809399e-13
2.656250e+00 1.238769e-13
2.812500e+00 5.488073e-14
2.968750e+00 8.526010e-15
3.125000e+00 1.430476e-15
3.281250e+00 2.260649e-16
3.437500e+00 1.027467e-16
3.593750e+00 1.806566e-17
3.750000e+00 1.178756e-17
3.906250e+00 6.857782e-18
4.062500e+00 6.066211e-19
4.218750e+00 9.185879e-20
4.375000e+00 3.506274e-20
4.531250e+00 1.986291e-20
4.687500e+00 1.530038e-20
4.843750e+00 1.227885e-20
5.000000e+00 7.212594e-21
5.156250e+00 2.705347e-21
5.312500e+00 2.500825e-25
5.468750e+00 1.479457e-26
5.625000e+00 6.114848e-27
5.781250e+00 3.248161e-27
5.937500e+00 2.578598e-27
6.093750e+00 1.478529e-30
6.250000e+00 7.960510e-31
6.406250e+00 4.698203e-31
6.562500e+00 3.336078e-31
6.718750e+00 2.553900e-31
6.875000e+00 1.102713e-31
7.031250e+00 1.995713e-32
7.187500e+00 3.728472e-33
7.343750e+00 2.071015e-34
7.500000e+00 1.082913e-34
7.656250e+00 1.927842e-35
7.812500e+00 5.832355e-36
7.968750e+00 2.651155e-38
8.125000e+00 1.576987e-49
8.281250e+00 7.518250e-60
8.437500e+00 3.390489e-60
8.593750e+00 1.529912e-60
8.750000e+00 2.653733e-70
8.906250e+00 2.114010e-70
9.062500e+00 3.358565e-71
9.218750e+00 5.000065e-77
9.375000e+00 2.163327e-77
9.531250e+00 1.240129e-79
9.687500e+00 3.058660e-82
9.843750e+00 4.898599e-96
1.000000e+01 1.654274e-97
1.015625e+01 2.491214e-101
1.031250e+01 1.280274e-101
1.046875e+01 9.594116e-102
1.062500e+01 5.523802e-102
1.078125e+01 3.006240e-102
1.093750e+01 2.251571e-102
1.109375e+01 1.910108e-102
1.125000e+01 1.379377e-102
1.140625e+01 7.601315e-103
1.156250e+01 8.332609e-105
1.171875e+01 6.947135e-105
1.187500e+01 6.390837e-105
1.203125e+01 6.009051e-105
1.218750e+01 5.572812e-105
1.234375e+01 4.190112e-105
1.250000e+01 1.183846e-105
1.265625e+01 1.054339e-118
1.281250e+01 6.962145e-119
1.296875e+01 4.830806e-119
1.312500e+01 3.079595e-119
1.328125e+01 2.073055e-119
1.343750e+01 1.374339e-119
1.359375e+01 8.751481e-120
1.375000e+01 3.687290e-120
1.390625e+01 3.935768e-121
1.406250e+01 1.837693e-121
1.421875e+01 1.631810e-121
1.437500e+01 1.471354e-121
1.453125e+01 7.559285e-122
1.468750e+01 2.517440e-122
1.484375e+01 1.997852e-122
1.500000e+01 1.418123e-122
1.515625e+01 1.532201e-123
1.531250e+01 9.559598e-124
1.546875e+01 5.997263e-124
1.562500e+01 2.714884e-124
1.578125e+01 9.034092e-125
1.593750e+01 2.380145e-126
1.609375e+01 1.578702e-126
1.625000e+01 1.305643e-126
1.640625e+01 8.876590e-127
1.656250e+01 5.131436e-127
1.671875e+01 2.996484e-127
1.687500e+01 1.350808e-127
1.703125e+01 7.361717e-128
1.718750e+01 5.447704e-128
1.734375e+01 4.075480e-128
1.750000e+01 1.848996e-128
1.765625e+01 5.508875e-130
1.781250e+01 1.428969e-130
1.796875e+01 1.335762e-130
1.812500e+01 1.178519e-130
1.828125e+01 1.027123e-130
1.843750e+01 1.819988e-131
1.859375e+01 9.195910e-132
1.875000e+01 2.295712e-132
1.890625e+01 2.048964e-132
1.906250e+01 1.789738e-133
1.921875e+01 1.251006e-133
1.937500e+01 6.616543e-134
1.953125e+01 4.959347e-134
1.968750e+01 1.405991e-134
1.984375e+01 1.105053e-134
2.000000e+01 9.385488e-135
2.015625e+01 7.719629e-135
2.031250e+01 6.075035e-135
2.046875e+01 8.474787e-136
2.062500e+01 4.001435e-137
2.078125e+01 1.526074e-138
2.093750e+01 3.575269e-139
2.109375e+01 1.221225e-139
2.125000e+01 2.836962e-140
2.140625e+01 1.479454e-140
2.156250e+01 1.057365e-140
2.171875e+01 8.064205e-141
2.187500e+01 2.863380e-141
2.203125e+01 7.862980e-143
2.218750e+01 1.310612e-143
2.234375e+01 1.006205e-143
2.250000e+01 6.874211e-144
2.265625e+01 2.941325e-144
2.281250e+01 6.692774e-149
2.296875e+01 1.122784e-149
2.312500e+01 2.219462e-153
2.328125e+01 6.813207e-171
2.343750e+01 1.464535e-176
2.359375e+01 8.502157e-186
2.375000e+01 2.189531e-213
2.390625e+01 3.305240e-270
2.406250e+01 3.954674e-280
2.421875e+01 2.655939e-284
2.437500e+01 2.648798e-287
2.453125e+01 1.446868e-289
2.468750e+01 2.599028e-291
2.484375e+01 2.532286e-294
2.500000e+01 3.819702e-308
2.515625e+01 1.248399e-311
2.531250e+01 6.970311e-314
2.546875e+01 5.015853e-319
2.562500e+01 4.940656e-324
2.578125e+01 0.000000e+00
2.593750e+01 0.000000e+00
2.609375e+01 0.000000e+00
2.625000e+01 0.000000e+00
2.640625e+01 0.000000e+00
2.656250e+01 0.000000e+00
2.671875e+01 0.000000e+00
2.687500e+01 0.000000e+00
2.703125e+01 0.000000e+00
2.718750e+01 0.000000e+00
2.734375e+01 0.000000e+00
2.750000e+01 0.000000e+00
2.765625e+01 0.000000e+00
2.781250e+01 0.000000e+00
2.796875e+01 0.000000e+00
2.812500e+01 0.000000e+00
2.828125e+01 0.000000e+00
2.843750e+01 0.000000e+00
2.859375e+01 0.000000e+00
2.875000e+01 0.000000e+00
2.890625e+01 0.000000e+00
2.906250e+01 0.000000e+00
2.921875e+01 0.000000e+00
2.937500e+01 0.000000e+00
2.953125e+01 0.000000e+00
2.968750e+01 0.000000e+00
2.984375e+01 0.000000e+00
3.000000e+01 0.000000e+00
3.015625e+01 0.000000e+00
3.031250e+01 0.000000e+00
3.046875e+01 0.000000e+00
3.062500e+01 0.000000e+00
3.078125e+01 0.000000e+00
3.093750e+01 0.000000e+00
3.109375e+01 0.000000e+00
3.125000e+01 0.000000e+00
3.140625e+01 0.000000e+00
3.156250e+01 0.000000e+00
3.171875e+01 0.000000e+00
3.187500e+01 0.000000e+00
3.203125e+01 0.000000e+00
3.218750e+01 0.000000e+00
3.234375e+01 0.000000e+00
3.250000e+01 0.000000e+00
3.265625e+01 0.000000e+00
3.281250e+01 0.000000e+00
3.296875e+01 0.000000e+00
3.312500e+01 0.000000e+00
3.328125e+01 0.000000e+00
3.343750e+01 0.000000e+00
3.359375e+01 0.000000e+00
3.375000e+01 0.000000e+00
3.390625e+01 0.000000e+00
3.406250e+01 0.000000e+00
3.421875e+01 0.000000e+00
3.437500e+01 0.000000e+00
3.453125e+01 0.000000e+00
3.468750e+01 0.000000e+00
3.484375e+01 0.000000e+00
3.500000e+01 0.000000e+00
3.515625e+01 0.000000e+00
3.531250e+01 0.000000e+00
3.546875e+01 0.000000e+00
3.562500e+01 0.000000e+00
3.578125e+01 0.000000e+00
3.593750e+01 0.000000e+00
3.609375e+01 0.000000e+00
3.625000e+01 0.000000e+00
3.640625e+01 0.000000e+00
3.656250e+01 0.000000e+00
3.671875e+01 0.000000e+00
3.687500e+01 0.000000e+00
3.703125e+01 0.000000e+00
3.718750e+01 0.000000e+00
3.734375e+01 0.000000e+00
3.750000e+01 0.000000e+00
3.765625e+01 0.000000e+00
3.781250e+01 0.000000e+00
3.796875e+01 0.000000e+00
3.812500e+01 0.000000e+00
3.828125e+01 0.000000e+00
3.843750e+01 0.000000e+00
3.859375e+01 0.000000e+00
3.875000e+01 0.000000e+00
3.890625e+01 0.000000e+00
3.906250e+01 0.000000e+00
3.921875e+01 0.000000e+00
3.937500e+01 0.000000e+00
3.953125e+01 0.000000e+00
3.968750e+01 0.000000e+00
3.984375e+01 0.000000e+00
4.000000e+01 0.000000e+00
4.015625e+01 0.000000e+00
4.031250e+01 0.000000e+00
4.046875e+01 0.000000e+00
4.062500e+01 0.000000e+00
4.078125e+01 0.000000e+00
4.093750e+01 0.000000e+00
4.109375e+01 0.000000e+00
4.125000e+01 0.000000e+00
4.140625e+01 0.000000e+00
4.156250e+01 0.000000e+00
4.171875e+01 0.000000e+00
4.187500e+01 0.000000e+00
4.203125e+01 0.000000e+00
4.218750e+01 0.000000e+00
4.234375e+01 0.000000e+00
4.250000e+01 0.000000e+00
4.265625e+01 0.000000e+00
4.281250e+01 0.000000e+00
4.296875e+01 0.000000e+00
4.312500e+01 0.000000e+00
4.328125e+01 0.000000e+00
4.343750e+01 0.000000e+00
4.359375e+01 0.000000e+00
4.375000e+01 0.000000e+00
4.390625e+01 0.000000e+00
4.406250e+01 0.000000e+00
4.421875e+01 0.000000e+00
4.437500e+01 0.000000e+00
4.453125e+01 0.000000e+00
4.468750e+01 0.000000e+00
4.484375e+01 0.000000e+00
4.500000e+01 0.000000e+00
4.515625e+01 0.000000e+00
4.531250e+01 0.000000e+00
4.546875e+01 0.000000e+00
4.562500e+01 0.000000e+00
4.578125e+01 0.000000e+00
4.593750e+01 0.000000e+00
4.609375e+01 0.000000e+00
4.625000e+01 0.000000e+00
4.640625e+01 0.000000e+00
4.656250e+01 0.000000e+00
4.671875e+01 0.000000e+00
4.687500e+01 0.000000e+00
4.703125e+01 0.000000e+00
4.718750e+01 0.000000e+00
4.734375e+01 0.000000e+00
4.750000e+01 0.000000e+00
4.765625e+01 0.000000e+00
4.781250e+01 0.000000e+00
4.796875e+01 0.000000e+00
4.812500e+01 0.000000e+00
4.828125e+01 0.000000e+00
4.843750e+01 0.000000e+00
4.859375e+01 0.000000e+00
4.875000e+01 0.000000e+00
4.890625e+01 0.000000e+00
4.906250e+01 0.000000e+00
4.921875e+01 0.000000e+00
4.937500e+01 0.000000e+00
4.953125e+01 0.000000e+00
4.968750e+01 0.000000e+00
4.984375e+01 0.000000e+00
5.000000e+01 0.000000e+00
5.015625e+01 0.000000e+00
5.031250e+01 0.000000e+00
5.046875e+01 0.000000e+00
5.062500e+01 0.000000e+00
5.078125e+01 0.000000e+00
5.093750e+01 0.000000e+00
5.109375e+01 0.000000e+00
5.125000e+01 0.000000e+00
5.140625e+01 0.000000e+00
5.156250e+01 0.000000e+00
5.171875e+01 0.000000e+00
5.187500e+01 0.000000e+00
5.203125e+01 0.000000e+00
5.218750e+01 0.000000e+00
5.234375e+01 0.000000e+00
5.250000e+01 0.000000e+00
5.265625e+01 0.000000e+00
5.281250e+01 0.000000e+00
5.296875e+01 0.000000e+00
5.312500e+01 0.000000e+00
5.328125e+01 0.000000e+00
5.343750e+01 0.000000e+00
5.359375e+01 0.000000e+00
5.375000e+01 0.000000e+00
5.390625e+01 0.000000e+00
5.406250e+01 0.000000e+00
5.421875e+01 0.000000e+00
5.437500e+01 0.000000e+00
5.453125e+01 0.000000e+00
5.468750e+01 0.000000e+00
5.484375e+01 0.000000e+00
5.500000e+01 0.000000e+00
5.515625e+01 0.000000e+00
5.531250e+01 0.000000e+00
5.546875e+01 0.000000e+00
5.562500e+01 0.000000e+00
5.578125e+01 0.000000e+00
5.593750e+01 0.000000e+00
5.609375e+01 0.000000e+00
5.625000e+01 0.000000e+00
5.640625e+01 0.000000e+00
5.656250e+01 0.000000e+00
5.671875e+01 0.000000e+00
5.687500e+01 0.000000e+00
5.703125e+01 0.000000e+00
5.718750e+01 0.000000e+00
5.734375e+01 0.000000e+00
5.750000e+01 0.000000e+00
5.765625e+01 0.000000e+00
5.781250e+01 0.000000e+00
5.796875e+01 0.000000e+00
5.812500e+01 0.000000e+00
5.828125e+01 0.000000e+00
5.843750e+01 0.000000e+00
5.859375e+01 0.000000e+00
5.875000e+01 0.000000e+00
5.890625e+01 0.000000e+00
5.906250e+01 0.000000e+00
5.921875e+01 0.000000e+00
5.937500e+01 0.000000e+00
5.953125e+01 0.000000e+00
5.968750e+01 0.000000e+00
5.984375e+01 0.000000e+00
6.000000e+01 0.000000e+00
6.015625e+01 0.000000e+00
6.031250e+01 0.000000e+00
6.046875e+01 0.000000e+00
6.062500e+01 0.000000e+00
6.078125e+01 0.000000e+00
6.093750e+01 0.000000e+00
6.109375e+01 0.000000e+00
6.125000e+01 0.000000e+00
6.140625e+01 0.000000e+00
6.156250e+01 0.000000e+00
6.171875e+01 0.000000e+00
6.187500e+01 0.000000e+00
6.203125e+01 0.000000e+00
6.218750e+01 0.000000e+00
6.234375e+01 0.000000e+00
6.250000e+01 0.000000e+00
6.265625e+01 0.000000e+00
6.281250e+01 0.000000e+00
6.296875e+01 0.000000e+00
6.312500e+01 0.000000e+00
6.328125e+01 0.000000e+00
6.343750e+01 0.000000e+00
6.359375e+01 0.000000e+00
6.375000e+01 0.000000e+00
6.390625e+01 0.000000e+00
6.406250e+01 0.000000e+00
6.421875e+01 0.000000e+00
6.437500e+01 0.000000e+00
6.453125e+01 0.000000e+00
6.468750e+01 0.000000e+00
6.484375e+01 0.000000e+00
6.500000e+01 0.000000e+00
6.515625e+01 0.000000e+00
6.531250e+01 0.000000e+00
6.546875e+01 0.000000e+00
6.562500e+01 0.000000e+00
6.578125e+01 0.000000e+00
6.593750e+01 0.000000e+00
6.609375e+01 0.000000e+00
6.625000e+01 0.000000e+00
6.640625e+01 0.000000e+00
6.656250e+01 0.000000e+00
6.671875e+01 0.000000e+00
6.687500e+01 0.000000e+00
6.703125e+01 0.000000e+00
6.718750e+01 0.000000e+00
6.734375e+01 0.000000e+00
6.750000e+01 0.000000e+00
6.765625e+01 0.000000e+00
6.781250e+01 0.000000e+00
6.796875e+01 0.000000e+00
6.812500e+01 0.000000e+00
6.828125e+01 0.000000e+00
6.843750e+01 0.000000e+00
6.859375e+01 0.000000e+00
6.875000e+01 0.000000e+00
6.890625e+01 0.000000e+00
6.906250e+01 0.000000e+00
6.921875e+01 0.000000e+00
6.937500e+01 0.000000e+00
6.953125e+01 0.000000e+00
6.968750e+01 0.000000e+00
6.984375e+01 0.000000e+00
7.000000e+01 0.000000e+00
7.015625e+01 0.000000e+00
7.031250e+01 0.000000e+00
7.046875e+01 0.000000e+00
7.062500e+01 0.000000e+00
7.078125e+01 0.000000e+00
7.093750e+01 0.000000e+00
7.109375e+01 0.000000e+00
7.125000e+01 0.000000e+00
7.140625e+01 0.000000e+00
7.156250e+01 0.000000e+00
7.171875e+01 0.000000e+00
7.187500e+01 0.000000e+00
7.203125e+01 0.000000e+00
7.218750e+01 0.000000e+00
7.234375e+01 0.000000e+00
7.250000e+01 0.000000e+00
7.265625e+01 0.000000e+00
7.281250e+01 0.000000e+00
7.296875e+01 0.000000e+00
7.312500e+01 0.000000e+00
7.328125e+01 0.000000e+00
7.343750e+01 0.000000e+00
7.359375e+01 0.000000e+00
7.375000e+01 0.000000e+00
7.390625e+01 0.000000e+00
7.406250e+01 0.000000e+00
7.421875e+01 0.000000e+00
7.437500e+01 0.000000e+00
7.453125e+01 0.000000e+00
7.468750e+01 0.000000e+00
7.484375e+01 0.000000e+00
7.500000e+01 0.000000e+00
7.515625e+01 0.000000e+00
7.531250e+01 0.000000e+00
7.546875e+01 0.000000e+00
7.562500e+01 0.000000e+00
7.578125e+01 0.000000e+00
7.593750e+01 0.000000e+00
7.609375e+01 0.000000e+00
7.625000e+01 0.000000e+00
7.640625e+01 0.000000e+00
7.656250e+01 0.000000e+00
7.671875e+01 0.000000e+00
7.687500e+01 0.000000e+00
7.703125e+01 0.000000e+00
7.718750e+01 0.000000e+00
7.734375e+01 0.000000e+00
7.750000e+01 0.000000e+00
7.765625e+01 0.000000e+00
7.781250e+01 0.000000e+00
7.796875e+01 0.000000e+00
7.812500e+01 0.000000e+00
7.828125e+01 0.000000e+00
7.843750e+01 0.000000e+00
7.859375e+01 0.000000e+00
7.875000e+01 0.000000e+00
7.890625e+01 0.000000e+00
7.906250e+01 0.000000e+00
7.921875e+01 0.000000e+00
7.937500e+01 0.000000e+00
7.953125e+01 0.000000e+00
7.968750e+01 0.000000e+00
7.984375e+01 0.000000e+00
