# x[h^-1_cMpc]  F_mean
0.000000e+00 5.547324e-01
1.562500e-01 5.141204e-01
3.125000e-01 4.854073e-01
4.687500e-01 4.622931e-01
6.250000e-01 4.423131e-01
7.812500e-01 4.222210e-01
9.375000e-01 4.037678e-01
1.093750e+00 3.832867e-01
1.250000e+00 3.614139e-01
1.406250e+00 3.450177e-01
1.562500e+00 3.312254e-01
1.718750e+00 3.185985e-01
1.875000e+00 3.051644e-01
2.031250e+00 2.934485e-01
2.187500e+00 2.817767e-01
2.343750e+00 2.715226e-01
2.500000e+00 2.600129e-01
2.656250e+00 2.497555e-01
2.812500e+00 2.400534e-01
2.968750e+00 2.310595e-01
3.125000e+00 2.200800e-01
3.281250e+00 2.105848e-01
3.437500e+00 2.034793e-01
3.593750e+00 1.947049e-01
3.750000e+00 1.852215e-01
3.906250e+00 1.771129e-01
4.062500e+00 1.689760e-01
4.218750e+00 1.623415e-01
4.375000e+00 1.546442e-01
4.531250e+00 1.479292e-01
4.687500e+00 1.420248e-01
4.843750e+00 1.367576e-01
5.000000e+00 1.314184e-01
5.156250e+00 1.260812e-01
5.312500e+00 1.212566e-01
5.468750e+00 1.166067e-01
5.625000e+00 1.123271e-01
5.781250e+00 1.069159e-01
5.937500e+00 1.035547e-01
6.093750e+00 9.993025e-02
6.250000e+00 9.656358e-02
6.406250e+00 9.313431e-02
6.562500e+00 8.983189e-02
6.718750e+00 8.664994e-02
6.875000e+00 8.380420e-02
7.031250e+00 8.127421e-02
7.187500e+00 7.848472e-02
7.343750e+00 7.556085e-02
7.500000e+00 7.281197e-02
7.656250e+00 7.005824e-02
7.812500e+00 6.750067e-02
7.968750e+00 6.460871e-02
8.125000e+00 6.192262e-02
8.281250e+00 5.893277e-02
8.437500e+00 5.651791e-02
8.593750e+00 5.443931e-02
8.750000e+00 5.202895e-02
8.906250e+00 5.029831e-02
9.062500e+00 4.877535e-02
9.218750e+00 4.747716e-02
9.375000e+00 4.602600e-02
9.531250e+00 4.425613e-02
9.687500e+00 4.260608e-02
9.843750e+00 4.087874e-02
1.000000e+01 3.904052e-02
1.015625e+01 3.743534e-02
1.031250e+01 3.606060e-02
1.046875e+01 3.477638e-02
1.062500e+01 3.327372e-02
1.078125e+01 3.206677e-02
1.093750e+01 3.101300e-02
1.109375e+01 2.952619e-02
1.125000e+01 2.827911e-02
1.140625e+01 2.681793e-02
1.156250e+01 2.600306e-02
1.171875e+01 2.496044e-02
1.187500e+01 2.417397e-02
1.203125e+01 2.322821e-02
1.218750e+01 2.217318e-02
1.234375e+01 2.120026e-02
1.250000e+01 1.982111e-02
1.265625e+01 1.923703e-02
1.281250e+01 1.842517e-02
1.296875e+01 1.721177e-02
1.312500e+01 1.656659e-02
1.328125e+01 1.610505e-02
1.343750e+01 1.570413e-02
1.359375e+01 1.521306e-02
1.375000e+01 1.440837e-02
1.390625e+01 1.377770e-02
1.406250e+01 1.343377e-02
1.421875e+01 1.282815e-02
1.437500e+01 1.215062e-02
1.453125e+01 1.167499e-02
1.468750e+01 1.124332e-02
1.484375e+01 1.080450e-02
1.500000e+01 1.032401e-02
1.515625e+01 9.862623e-03
1.531250e+01 9.425904e-03
1.546875e+01 9.034135e-03
1.562500e+01 8.641295e-03
1.578125e+01 8.396512e-03
1.593750e+01 8.070946e-03
1.609375e+01 7.802841e-03
1.625000e+01 7.470575e-03
1.640625e+01 7.251212e-03
1.656250e+01 7.060929e-03
1.671875e+01 6.893055e-03
1.687500e+01 6.618411e-03
1.703125e+01 6.429461e-03
1.718750e+01 6.306481e-03
1.734375e+01 6.121344e-03
1.750000e+01 5.991292e-03
1.765625e+01 5.889100e-03
1.781250e+01 5.809396e-03
1.796875e+01 5.676458e-03
1.812500e+01 5.602911e-03
1.828125e+01 5.503970e-03
1.843750e+01 5.415482e-03
1.859375e+01 5.320320e-03
1.875000e+01 5.201820e-03
1.890625e+01 5.080238e-03
1.906250e+01 4.923790e-03
1.921875e+01 4.797425e-03
1.937500e+01 4.674269e-03
1.953125e+01 4.516674e-03
1.968750e+01 4.429457e-03
1.984375e+01 4.368087e-03
2.000000e+01 4.303728e-03
2.015625e+01 4.245705e-03
2.031250e+01 4.174650e-03
2.046875e+01 4.102678e-03
2.062500e+01 4.042602e-03
2.078125e+01 3.985709e-03
2.093750e+01 3.911764e-03
2.109375e+01 3.763826e-03
2.125000e+01 3.555895e-03
2.140625e+01 3.316096e-03
2.156250e+01 3.070543e-03
2.171875e+01 2.886870e-03
2.187500e+01 2.737497e-03
2.203125e+01 2.633197e-03
2.218750e+01 2.545296e-03
2.234375e+01 2.486151e-03
2.250000e+01 2.372830e-03
2.265625e+01 2.331338e-03
2.281250e+01 2.289894e-03
2.296875e+01 2.255292e-03
2.312500e+01 2.217616e-03
2.328125e+01 2.168596e-03
2.343750e+01 2.108264e-03
2.359375e+01 2.018077e-03
2.375000e+01 1.936875e-03
2.390625e+01 1.883241e-03
2.406250e+01 1.807633e-03
2.421875e+01 1.734962e-03
2.437500e+01 1.571638e-03
2.453125e+01 1.492471e-03
2.468750e+01 1.445634e-03
2.484375e+01 1.392202e-03
2.500000e+01 1.340331e-03
2.515625e+01 1.296907e-03
2.531250e+01 1.239959e-03
2.546875e+01 1.115836e-03
2.562500e+01 1.039643e-03
2.578125e+01 9.760883e-04
2.593750e+01 9.570755e-04
2.609375e+01 9.153243e-04
2.625000e+01 8.307361e-04
2.640625e+01 7.846742e-04
2.656250e+01 7.251841e-04
2.671875e+01 6.637824e-04
2.687500e+01 6.213428e-04
2.703125e+01 5.955337e-04
2.718750e+01 5.622582e-04
2.734375e+01 5.377331e-04
2.750000e+01 5.132240e-04
2.765625e+01 5.070227e-04
2.781250e+01 4.990064e-04
2.796875e+01 4.848870e-04
2.812500e+01 4.754454e-04
2.828125e+01 4.541673e-04
2.843750e+01 4.441563e-04
2.859375e+01 4.272601e-04
2.875000e+01 4.131786e-04
2.890625e+01 4.022667e-04
2.906250e+01 3.962977e-04
2.921875e+01 3.901265e-04
2.937500e+01 3.844722e-04
2.953125e+01 3.752215e-04
2.968750e+01 3.703618e-04
2.984375e+01 3.642933e-04
3.000000e+01 3.540152e-04
3.015625e+01 3.518728e-04
3.031250e+01 3.454981e-04
3.046875e+01 3.321483e-04
3.062500e+01 3.205440e-04
3.078125e+01 3.103620e-04
3.093750e+01 3.064213e-04
3.109375e+01 3.030635e-04
3.125000e+01 2.950488e-04
3.140625e+01 2.911431e-04
3.156250e+01 2.839122e-04
3.171875e+01 2.732786e-04
3.187500e+01 2.668159e-04
3.203125e+01 2.564404e-04
3.218750e+01 2.525187e-04
3.234375e+01 2.462622e-04
3.250000e+01 2.408170e-04
3.265625e+01 2.341669e-04
3.281250e+01 2.284721e-04
3.296875e+01 2.236982e-04
3.312500e+01 2.214874e-04
3.328125e+01 2.192519e-04
3.343750e+01 2.163812e-04
3.359375e+01 2.147791e-04
3.375000e+01 2.127687e-04
3.390625e+01 2.103803e-04
3.406250e+01 2.064723e-04
3.421875e+01 2.008011e-04
3.437500e+01 1.888826e-04
3.453125e+01 1.843620e-04
3.468750e+01 1.790789e-04
3.484375e+01 1.776518e-04
3.500000e+01 1.765332e-04
3.515625e+01 1.738396e-04
3.531250e+01 1.713549e-04
3.546875e+01 1.673937e-04
3.562500e+01 1.643696e-04
3.578125e+01 1.631382e-04
3.593750e+01 1.617501e-04
3.609375e+01 1.595012e-04
3.625000e+01 1.581667e-04
3.640625e+01 1.557944e-04
3.656250e+01 1.502092e-04
3.671875e+01 1.335582e-04
3.687500e+01 8.830970e-05
3.703125e+01 8.349719e-05
3.718750e+01 8.000219e-05
3.734375e+01 7.750057e-05
3.750000e+01 7.321528e-05
3.765625e+01 6.608616e-05
3.781250e+01 4.842536e-05
3.796875e+01 2.119472e-05
3.812500e+01 2.115895e-05
3.828125e+01 2.108387e-05
3.843750e+01 2.095572e-05
3.859375e+01 2.050022e-05
3.875000e+01 2.047494e-05
3.890625e+01 2.044998e-05
3.906250e+01 2.041116e-05
3.921875e+01 2.030214e-05
3.937500e+01 2.016711e-05
3.953125e+01 2.010432e-05
3.968750e+01 2.002177e-05
3.984375e+01 1.989405e-05
4.000000e+01 1.958372e-05
4.015625e+01 1.863722e-05
4.031250e+01 1.685822e-05
4.046875e+01 1.629536e-05
4.062500e+01 1.596136e-05
4.078125e+01 1.548344e-05
4.093750e+01 1.423665e-05
4.109375e+01 1.295773e-05
4.125000e+01 7.928529e-06
4.140625e+01 5.021814e-06
4.156250e+01 4.144115e-06
4.171875e+01 3.883909e-06
4.187500e+01 3.836016e-06
4.203125e+01 3.811148e-06
4.218750e+01 3.776755e-06
4.234375e+01 3.748022e-06
4.250000e+01 3.686431e-06
4.265625e+01 3.670617e-06
4.281250e+01 3.663478e-06
4.296875e+01 3.636913e-06
4.312500e+01 3.613926e-06
4.328125e+01 3.568953e-06
4.343750e+01 3.510355e-06
4.359375e+01 3.452449e-06
4.375000e+01 3.315197e-06
4.390625e+01 3.273964e-06
4.406250e+01 3.203885e-06
4.421875e+01 3.147724e-06
4.437500e+01 3.124217e-06
4.453125e+01 3.106128e-06
4.468750e+01 3.006805e-06
4.484375e+01 2.362333e-06
4.500000e+01 2.326870e-06
4.515625e+01 2.322372e-06
4.531250e+01 2.320208e-06
4.546875e+01 2.318659e-06
4.562500e+01 2.291031e-06
4.578125e+01 2.271920e-06
4.593750e+01 2.258809e-06
4.609375e+01 2.242024e-06
4.625000e+01 2.238748e-06
4.640625e+01 2.235633e-06
4.656250e+01 2.216573e-06
4.671875e+01 2.124222e-06
4.687500e+01 2.030088e-06
4.703125e+01 2.012624e-06
4.718750e+01 2.002885e-06
4.734375e+01 1.950767e-06
4.750000e+01 1.804121e-06
4.765625e+01 1.688734e-06
4.781250e+01 1.661858e-06
4.796875e+01 1.652438e-06
4.812500e+01 1.643149e-06
4.828125e+01 1.633589e-06
4.843750e+01 1.629976e-06
4.859375e+01 1.619136e-06
4.875000e+01 1.591024e-06
4.890625e+01 1.577775e-06
4.906250e+01 1.533598e-06
4.921875e+01 1.270377e-06
4.937500e+01 6.169286e-09
4.953125e+01 5.910328e-11
4.968750e+01 1.313296e-11
4.984375e+01 1.198734e-11
5.000000e+01 1.193280e-11
5.015625e+01 1.192312e-11
5.031250e+01 1.189188e-11
5.046875e+01 1.185925e-11
5.062500e+01 1.181632e-11
5.078125e+01 1.172799e-11
5.093750e+01 1.157635e-11
5.109375e+01 1.146487e-11
5.125000e+01 1.131413e-11
5.140625e+01 1.089865e-11
5.156250e+01 9.667913e-12
5.171875e+01 3.938420e-12
5.187500e+01 1.375000e-12
5.203125e+01 3.794775e-13
5.218750e+01 1.085544e-13
5.234375e+01 7.640825e-14
5.250000e+01 6.098083e-14
5.265625e+01 5.106999e-14
5.281250e+01 2.391461e-14
5.296875e+01 6.376529e-15
5.312500e+01 3.749275e-17
5.328125e+01 3.699386e-17
5.343750e+01 3.643916e-17
5.359375e+01 3.547819e-17
5.375000e+01 3.483828e-17
5.390625e+01 3.462830e-17
5.406250e+01 3.431695e-17
5.421875e+01 3.371962e-17
5.437500e+01 3.168154e-17
5.453125e+01 2.631885e-17
5.468750e+01 2.472930e-17
5.484375e+01 2.377297e-17
5.500000e+01 2.089375e-17
5.515625e+01 6.899741e-20
5.531250e+01 2.560918e-22
5.546875e+01 7.324618e-24
5.562500e+01 8.546752e-27
5.578125e+01 1.064566e-28
5.593750e+01 6.657366e-33
5.609375e+01 5.114623e-37
5.625000e+01 1.153874e-37
5.640625e+01 1.011128e-37
5.656250e+01 9.660408e-38
5.671875e+01 8.996109e-38
5.687500e+01 8.872850e-38
5.703125e+01 8.677320e-38
5.718750e+01 8.279575e-38
5.734375e+01 7.621910e-38
5.750000e+01 6.745796e-38
5.765625e+01 6.624872e-38
5.781250e+01 6.607786e-38
5.796875e+01 6.554003e-38
5.812500e+01 6.496829e-38
5.828125e+01 6.415417e-38
5.843750e+01 6.385385e-38
5.859375e+01 6.359766e-38
5.875000e+01 6.340872e-38
5.890625e+01 6.332090e-38
5.906250e+01 6.329877e-38
5.921875e+01 6.321236e-38
5.937500e+01 6.275343e-38
5.953125e+01 5.989450e-38
5.968750e+01 5.702114e-38
5.984375e+01 5.605721e-38
6.000000e+01 5.571732e-38
6.015625e+01 5.521583e-38
6.031250e+01 5.435304e-38
6.046875e+01 4.774931e-38
6.062500e+01 3.286817e-38
6.078125e+01 2.836991e-38
6.093750e+01 2.750636e-38
6.109375e+01 2.538974e-38
6.125000e+01 2.272675e-38
6.140625e+01 1.775225e-38
6.156250e+01 1.530613e-38
6.171875e+01 8.775647e-39
6.187500e+01 4.870349e-39
6.203125e+01 3.878756e-39
6.218750e+01 3.427587e-39
6.234375e+01 3.277143e-39
6.250000e+01 3.247653e-39
6.265625e+01 3.219327e-39
6.281250e+01 3.210113e-39
6.296875e+01 3.176924e-39
6.312500e+01 3.089014e-39
6.328125e+01 3.058187e-39
6.343750e+01 3.057126e-39
6.359375e+01 3.055814e-39
6.375000e+01 3.052590e-39
6.390625e+01 3.041505e-39
6.406250e+01 3.036299e-39
6.421875e+01 3.030030e-39
6.437500e+01 3.023870e-39
6.453125e+01 2.950243e-39
6.468750e+01 2.881353e-39
6.484375e+01 2.867567e-39
6.500000e+01 2.856397e-39
6.515625e+01 2.810605e-39
6.531250e+01 2.769101e-39
6.546875e+01 2.566189e-39
6.562500e+01 2.225057e-39
6.578125e+01 1.942558e-39
6.593750e+01 1.087053e-39
6.609375e+01 4.372847e-40
6.625000e+01 3.893002e-40
6.640625e+01 3.632119e-40
6.656250e+01 3.598181e-40
6.671875e+01 3.472266e-40
6.687500e+01 3.193342e-40
6.703125e+01 2.925078e-40
6.718750e+01 2.863957e-40
6.734375e+01 2.823471e-40
6.750000e+01 2.790598e-40
6.765625e+01 2.733084e-40
6.781250e+01 2.711499e-40
6.796875e+01 2.703692e-40
6.812500e+01 2.699120e-40
6.828125e+01 2.693786e-40
6.843750e+01 2.675994e-40
6.859375e+01 2.651669e-40
6.875000e+01 2.650175e-40
6.890625e+01 2.645901e-40
6.906250e+01 2.643766e-40
6.921875e+01 2.643121e-40
6.937500e+01 2.642880e-40
6.953125e+01 2.642749e-40
6.968750e+01 2.642669e-40
6.984375e+01 2.642621e-40
7.000000e+01 2.642583e-40
7.015625e+01 2.642165e-40
7.031250e+01 2.635331e-40
7.046875e+01 2.632440e-40
7.062500e+01 2.631104e-40
7.078125e+01 2.628721e-40
7.093750e+01 2.627591e-40
7.109375e+01 2.626147e-40
7.125000e+01 2.625467e-40
7.140625e+01 2.625236e-40
7.156250e+01 2.624811e-40
7.171875e+01 2.624392e-40
7.187500e+01 2.617915e-40
7.203125e+01 2.617621e-40
7.218750e+01 2.617474e-40
7.234375e+01 2.616723e-40
7.250000e+01 2.613412e-40
7.265625e+01 2.611969e-40
7.281250e+01 2.611890e-40
7.296875e+01 2.611576e-40
7.312500e+01 2.609954e-40
7.328125e+01 2.608851e-40
7.343750e+01 2.589866e-40
7.359375e+01 2.556579e-40
7.375000e+01 2.456881e-40
7.390625e+01 2.067676e-40
7.406250e+01 2.028205e-40
7.421875e+01 1.995716e-40
7.437500e+01 1.985833e-40
7.453125e+01 1.980720e-40
7.468750e+01 1.975756e-40
7.484375e+01 1.957482e-40
7.500000e+01 1.939657e-40
7.515625e+01 1.882776e-40
7.531250e+01 1.810085e-40
7.546875e+01 1.717424e-40
7.562500e+01 1.687321e-40
7.578125e+01 1.658886e-40
7.593750e+01 1.635533e-40
7.609375e+01 1.603112e-40
7.625000e+01 1.584115e-40
7.640625e+01 1.563707e-40
7.656250e+01 1.554257e-40
7.671875e+01 1.552803e-40
7.687500e+01 1.552400e-40
7.703125e+01 1.551763e-40
7.718750e+01 1.535286e-40
7.734375e+01 1.534397e-40
7.750000e+01 1.533799e-40
7.765625e+01 1.483173e-40
7.781250e+01 1.482803e-40
7.796875e+01 1.482471e-40
7.812500e+01 1.477617e-40
7.828125e+01 1.471631e-40
7.843750e+01 1.425686e-40
7.859375e+01 1.416499e-40
7.875000e+01 1.412322e-40
7.890625e+01 1.409445e-40
7.906250e+01 1.408555e-40
7.921875e+01 1.396378e-40
7.937500e+01 1.386926e-40
7.953125e+01 1.383816e-40
7.968750e+01 1.378763e-40
7.984375e+01 1.310972e-40
