# x[h^-1_cMpc]  F_mean
0.000000e+00 1.484414e-02
1.562500e-01 8.328685e-03
3.125000e-01 5.170208e-03
4.687500e-01 2.187763e-03
6.250000e-01 9.902421e-04
7.812500e-01 6.676114e-04
9.375000e-01 4.809178e-04
1.093750e+00 2.853956e-04
1.250000e+00 1.627225e-04
1.406250e+00 2.808243e-05
1.562500e+00 1.462697e-05
1.718750e+00 9.455292e-06
1.875000e+00 3.277881e-06
2.031250e+00 1.554846e-06
2.187500e+00 1.240625e-06
2.343750e+00 6.885003e-07
2.500000e+00 4.392604e-07
2.656250e+00 3.628157e-07
2.812500e+00 3.215996e-07
2.968750e+00 2.839112e-07
3.125000e+00 7.771302e-08
3.281250e+00 3.838496e-08
3.437500e+00 3.631797e-08
3.593750e+00 3.016546e-08
3.750000e+00 1.907646e-08
3.906250e+00 1.113945e-08
4.062500e+00 8.252041e-09
4.218750e+00 3.759333e-09
4.375000e+00 4.366961e-10
4.531250e+00 4.025992e-10
4.687500e+00 3.639468e-10
4.843750e+00 3.363664e-10
5.000000e+00 1.906304e-10
5.156250e+00 1.097358e-10
5.312500e+00 9.939224e-11
5.468750e+00 8.757471e-11
5.625000e+00 8.121959e-11
5.781250e+00 7.795311e-11
5.937500e+00 7.303667e-11
6.093750e+00 6.230829e-11
6.250000e+00 4.873239e-11
6.406250e+00 2.774865e-11
6.562500e+00 1.398891e-11
6.718750e+00 1.147473e-11
6.875000e+00 1.048374e-11
7.031250e+00 8.858357e-12
7.187500e+00 5.220871e-12
7.343750e+00 3.816077e-13
7.500000e+00 1.832882e-14
7.656250e+00 5.667110e-15
7.812500e+00 3.203124e-15
7.968750e+00 5.556008e-16
8.125000e+00 1.425185e-18
8.281250e+00 7.051135e-21
8.437500e+00 3.970761e-21
8.593750e+00 1.263487e-21
8.750000e+00 8.440909e-23
8.906250e+00 1.025658e-23
9.062500e+00 1.346026e-24
9.218750e+00 3.390182e-25
9.375000e+00 6.353199e-26
9.531250e+00 1.851049e-26
9.687500e+00 1.369358e-26
9.843750e+00 9.487313e-27
1.000000e+01 7.850781e-28
1.015625e+01 6.313646e-29
1.031250e+01 9.360049e-30
1.046875e+01 1.308279e-32
1.062500e+01 3.484756e-52
1.078125e+01 1.187661e-53
1.093750e+01 3.053594e-55
1.109375e+01 1.269419e-57
1.125000e+01 1.784971e-59
1.140625e+01 8.761273e-61
1.156250e+01 5.751157e-61
1.171875e+01 3.746415e-61
1.187500e+01 2.856183e-61
1.203125e+01 2.262630e-61
1.218750e+01 1.345185e-61
1.234375e+01 1.185698e-61
1.250000e+01 9.655386e-62
1.265625e+01 6.222195e-62
1.281250e+01 4.677335e-62
1.296875e+01 3.899484e-62
1.312500e+01 3.580281e-62
1.328125e+01 3.019033e-62
1.343750e+01 1.929819e-62
1.359375e+01 1.580294e-62
1.375000e+01 1.367546e-62
1.390625e+01 1.020852e-62
1.406250e+01 7.462311e-63
1.421875e+01 6.090039e-64
1.437500e+01 8.406080e-65
1.453125e+01 2.712384e-65
1.468750e+01 8.908773e-66
1.484375e+01 2.274900e-66
1.500000e+01 1.672751e-66
1.515625e+01 1.307290e-66
1.531250e+01 9.648708e-67
1.546875e+01 9.012900e-67
1.562500e+01 4.516181e-67
1.578125e+01 4.993527e-68
1.593750e+01 8.791572e-73
1.609375e+01 1.151467e-75
1.625000e+01 8.352870e-76
1.640625e+01 6.593195e-76
1.656250e+01 3.738429e-77
1.671875e+01 1.466647e-78
1.687500e+01 9.117542e-79
1.703125e+01 3.665315e-79
1.718750e+01 2.024611e-79
1.734375e+01 1.297503e-79
1.750000e+01 4.774294e-80
1.765625e+01 7.263044e-81
1.781250e+01 2.617069e-81
1.796875e+01 2.025546e-81
1.812500e+01 1.067808e-81
1.828125e+01 3.576238e-82
1.843750e+01 1.204466e-82
1.859375e+01 8.784959e-83
1.875000e+01 6.783891e-83
1.890625e+01 6.252688e-83
1.906250e+01 5.749150e-83
1.921875e+01 5.330073e-83
1.937500e+01 4.784068e-83
1.953125e+01 2.711413e-83
1.968750e+01 8.177787e-84
1.984375e+01 6.026231e-84
2.000000e+01 5.296670e-84
2.015625e+01 4.791815e-84
2.031250e+01 3.735794e-84
2.046875e+01 3.210624e-84
2.062500e+01 2.741534e-84
2.078125e+01 3.105364e-85
2.093750e+01 6.056770e-88
2.109375e+01 7.980722e-95
2.125000e+01 1.845756e-96
2.140625e+01 6.016312e-97
2.156250e+01 2.786217e-97
2.171875e+01 1.706664e-97
2.187500e+01 8.407740e-98
2.203125e+01 1.752462e-98
2.218750e+01 1.426717e-98
2.234375e+01 9.731091e-99
2.250000e+01 4.407699e-99
2.265625e+01 1.242474e-99
2.281250e+01 7.779669e-100
2.296875e+01 4.609420e-102
2.312500e+01 3.261764e-102
2.328125e+01 2.112430e-102
2.343750e+01 1.406509e-102
2.359375e+01 1.192376e-102
2.375000e+01 1.053896e-102
2.390625e+01 9.983037e-103
2.406250e+01 7.482471e-103
2.421875e+01 1.419009e-103
2.437500e+01 2.103578e-104
2.453125e+01 3.480919e-106
2.468750e+01 8.260581e-168
2.484375e+01 2.140111e-193
2.500000e+01 8.896206e-219
2.515625e+01 0.000000e+00
2.531250e+01 0.000000e+00
2.546875e+01 0.000000e+00
2.562500e+01 0.000000e+00
2.578125e+01 0.000000e+00
2.593750e+01 0.000000e+00
2.609375e+01 0.000000e+00
2.625000e+01 0.000000e+00
2.640625e+01 0.000000e+00
2.656250e+01 0.000000e+00
2.671875e+01 0.000000e+00
2.687500e+01 0.000000e+00
2.703125e+01 0.000000e+00
2.718750e+01 0.000000e+00
2.734375e+01 0.000000e+00
2.750000e+01 0.000000e+00
2.765625e+01 0.000000e+00
2.781250e+01 0.000000e+00
2.796875e+01 0.000000e+00
2.812500e+01 0.000000e+00
2.828125e+01 0.000000e+00
2.843750e+01 0.000000e+00
2.859375e+01 0.000000e+00
2.875000e+01 0.000000e+00
2.890625e+01 0.000000e+00
2.906250e+01 0.000000e+00
2.921875e+01 0.000000e+00
2.937500e+01 0.000000e+00
2.953125e+01 0.000000e+00
2.968750e+01 0.000000e+00
2.984375e+01 0.000000e+00
3.000000e+01 0.000000e+00
3.015625e+01 0.000000e+00
3.031250e+01 0.000000e+00
3.046875e+01 0.000000e+00
3.062500e+01 0.000000e+00
3.078125e+01 0.000000e+00
3.093750e+01 0.000000e+00
3.109375e+01 0.000000e+00
3.125000e+01 0.000000e+00
3.140625e+01 0.000000e+00
3.156250e+01 0.000000e+00
3.171875e+01 0.000000e+00
3.187500e+01 0.000000e+00
3.203125e+01 0.000000e+00
3.218750e+01 0.000000e+00
3.234375e+01 0.000000e+00
3.250000e+01 0.000000e+00
3.265625e+01 0.000000e+00
3.281250e+01 0.000000e+00
3.296875e+01 0.000000e+00
3.312500e+01 0.000000e+00
3.328125e+01 0.000000e+00
3.343750e+01 0.000000e+00
3.359375e+01 0.000000e+00
3.375000e+01 0.000000e+00
3.390625e+01 0.000000e+00
3.406250e+01 0.000000e+00
3.421875e+01 0.000000e+00
3.437500e+01 0.000000e+00
3.453125e+01 0.000000e+00
3.468750e+01 0.000000e+00
3.484375e+01 0.000000e+00
3.500000e+01 0.000000e+00
3.515625e+01 0.000000e+00
3.531250e+01 0.000000e+00
3.546875e+01 0.000000e+00
3.562500e+01 0.000000e+00
3.578125e+01 0.000000e+00
3.593750e+01 0.000000e+00
3.609375e+01 0.000000e+00
3.625000e+01 0.000000e+00
3.640625e+01 0.000000e+00
3.656250e+01 0.000000e+00
3.671875e+01 0.000000e+00
3.687500e+01 0.000000e+00
3.703125e+01 0.000000e+00
3.718750e+01 0.000000e+00
3.734375e+01 0.000000e+00
3.750000e+01 0.000000e+00
3.765625e+01 0.000000e+00
3.781250e+01 0.000000e+00
3.796875e+01 0.000000e+00
3.812500e+01 0.000000e+00
3.828125e+01 0.000000e+00
3.843750e+01 0.000000e+00
3.859375e+01 0.000000e+00
3.875000e+01 0.000000e+00
3.890625e+01 0.000000e+00
3.906250e+01 0.000000e+00
3.921875e+01 0.000000e+00
3.937500e+01 0.000000e+00
3.953125e+01 0.000000e+00
3.968750e+01 0.000000e+00
3.984375e+01 0.000000e+00
4.000000e+01 0.000000e+00
4.015625e+01 0.000000e+00
4.031250e+01 0.000000e+00
4.046875e+01 0.000000e+00
4.062500e+01 0.000000e+00
4.078125e+01 0.000000e+00
4.093750e+01 0.000000e+00
4.109375e+01 0.000000e+00
4.125000e+01 0.000000e+00
4.140625e+01 0.000000e+00
4.156250e+01 0.000000e+00
4.171875e+01 0.000000e+00
4.187500e+01 0.000000e+00
4.203125e+01 0.000000e+00
4.218750e+01 0.000000e+00
4.234375e+01 0.000000e+00
4.250000e+01 0.000000e+00
4.265625e+01 0.000000e+00
4.281250e+01 0.000000e+00
4.296875e+01 0.000000e+00
4.312500e+01 0.000000e+00
4.328125e+01 0.000000e+00
4.343750e+01 0.000000e+00
4.359375e+01 0.000000e+00
4.375000e+01 0.000000e+00
4.390625e+01 0.000000e+00
4.406250e+01 0.000000e+00
4.421875e+01 0.000000e+00
4.437500e+01 0.000000e+00
4.453125e+01 0.000000e+00
4.468750e+01 0.000000e+00
4.484375e+01 0.000000e+00
4.500000e+01 0.000000e+00
4.515625e+01 0.000000e+00
4.531250e+01 0.000000e+00
4.546875e+01 0.000000e+00
4.562500e+01 0.000000e+00
4.578125e+01 0.000000e+00
4.593750e+01 0.000000e+00
4.609375e+01 0.000000e+00
4.625000e+01 0.000000e+00
4.640625e+01 0.000000e+00
4.656250e+01 0.000000e+00
4.671875e+01 0.000000e+00
4.687500e+01 0.000000e+00
4.703125e+01 0.000000e+00
4.718750e+01 0.000000e+00
4.734375e+01 0.000000e+00
4.750000e+01 0.000000e+00
4.765625e+01 0.000000e+00
4.781250e+01 0.000000e+00
4.796875e+01 0.000000e+00
4.812500e+01 0.000000e+00
4.828125e+01 0.000000e+00
4.843750e+01 0.000000e+00
4.859375e+01 0.000000e+00
4.875000e+01 0.000000e+00
4.890625e+01 0.000000e+00
4.906250e+01 0.000000e+00
4.921875e+01 0.000000e+00
4.937500e+01 0.000000e+00
4.953125e+01 0.000000e+00
4.968750e+01 0.000000e+00
4.984375e+01 0.000000e+00
5.000000e+01 0.000000e+00
5.015625e+01 0.000000e+00
5.031250e+01 0.000000e+00
5.046875e+01 0.000000e+00
5.062500e+01 0.000000e+00
5.078125e+01 0.000000e+00
5.093750e+01 0.000000e+00
5.109375e+01 0.000000e+00
5.125000e+01 0.000000e+00
5.140625e+01 0.000000e+00
5.156250e+01 0.000000e+00
5.171875e+01 0.000000e+00
5.187500e+01 0.000000e+00
5.203125e+01 0.000000e+00
5.218750e+01 0.000000e+00
5.234375e+01 0.000000e+00
5.250000e+01 0.000000e+00
5.265625e+01 0.000000e+00
5.281250e+01 0.000000e+00
5.296875e+01 0.000000e+00
5.312500e+01 0.000000e+00
5.328125e+01 0.000000e+00
5.343750e+01 0.000000e+00
5.359375e+01 0.000000e+00
5.375000e+01 0.000000e+00
5.390625e+01 0.000000e+00
5.406250e+01 0.000000e+00
5.421875e+01 0.000000e+00
5.437500e+01 0.000000e+00
5.453125e+01 0.000000e+00
5.468750e+01 0.000000e+00
5.484375e+01 0.000000e+00
5.500000e+01 0.000000e+00
5.515625e+01 0.000000e+00
5.531250e+01 0.000000e+00
5.546875e+01 0.000000e+00
5.562500e+01 0.000000e+00
5.578125e+01 0.000000e+00
5.593750e+01 0.000000e+00
5.609375e+01 0.000000e+00
5.625000e+01 0.000000e+00
5.640625e+01 0.000000e+00
5.656250e+01 0.000000e+00
5.671875e+01 0.000000e+00
5.687500e+01 0.000000e+00
5.703125e+01 0.000000e+00
5.718750e+01 0.000000e+00
5.734375e+01 0.000000e+00
5.750000e+01 0.000000e+00
5.765625e+01 0.000000e+00
5.781250e+01 0.000000e+00
5.796875e+01 0.000000e+00
5.812500e+01 0.000000e+00
5.828125e+01 0.000000e+00
5.843750e+01 0.000000e+00
5.859375e+01 0.000000e+00
5.875000e+01 0.000000e+00
5.890625e+01 0.000000e+00
5.906250e+01 0.000000e+00
5.921875e+01 0.000000e+00
5.937500e+01 0.000000e+00
5.953125e+01 0.000000e+00
5.968750e+01 0.000000e+00
5.984375e+01 0.000000e+00
6.000000e+01 0.000000e+00
6.015625e+01 0.000000e+00
6.031250e+01 0.000000e+00
6.046875e+01 0.000000e+00
6.062500e+01 0.000000e+00
6.078125e+01 0.000000e+00
6.093750e+01 0.000000e+00
6.109375e+01 0.000000e+00
6.125000e+01 0.000000e+00
6.140625e+01 0.000000e+00
6.156250e+01 0.000000e+00
6.171875e+01 0.000000e+00
6.187500e+01 0.000000e+00
6.203125e+01 0.000000e+00
6.218750e+01 0.000000e+00
6.234375e+01 0.000000e+00
6.250000e+01 0.000000e+00
6.265625e+01 0.000000e+00
6.281250e+01 0.000000e+00
6.296875e+01 0.000000e+00
6.312500e+01 0.000000e+00
6.328125e+01 0.000000e+00
6.343750e+01 0.000000e+00
6.359375e+01 0.000000e+00
6.375000e+01 0.000000e+00
6.390625e+01 0.000000e+00
6.406250e+01 0.000000e+00
6.421875e+01 0.000000e+00
6.437500e+01 0.000000e+00
6.453125e+01 0.000000e+00
6.468750e+01 0.000000e+00
6.484375e+01 0.000000e+00
6.500000e+01 0.000000e+00
6.515625e+01 0.000000e+00
6.531250e+01 0.000000e+00
6.546875e+01 0.000000e+00
6.562500e+01 0.000000e+00
6.578125e+01 0.000000e+00
6.593750e+01 0.000000e+00
6.609375e+01 0.000000e+00
6.625000e+01 0.000000e+00
6.640625e+01 0.000000e+00
6.656250e+01 0.000000e+00
6.671875e+01 0.000000e+00
6.687500e+01 0.000000e+00
6.703125e+01 0.000000e+00
6.718750e+01 0.000000e+00
6.734375e+01 0.000000e+00
6.750000e+01 0.000000e+00
6.765625e+01 0.000000e+00
6.781250e+01 0.000000e+00
6.796875e+01 0.000000e+00
6.812500e+01 0.000000e+00
6.828125e+01 0.000000e+00
6.843750e+01 0.000000e+00
6.859375e+01 0.000000e+00
6.875000e+01 0.000000e+00
6.890625e+01 0.000000e+00
6.906250e+01 0.000000e+00
6.921875e+01 0.000000e+00
6.937500e+01 0.000000e+00
6.953125e+01 0.000000e+00
6.968750e+01 0.000000e+00
6.984375e+01 0.000000e+00
7.000000e+01 0.000000e+00
7.015625e+01 0.000000e+00
7.031250e+01 0.000000e+00
7.046875e+01 0.000000e+00
7.062500e+01 0.000000e+00
7.078125e+01 0.000000e+00
7.093750e+01 0.000000e+00
7.109375e+01 0.000000e+00
7.125000e+01 0.000000e+00
7.140625e+01 0.000000e+00
7.156250e+01 0.000000e+00
7.171875e+01 0.000000e+00
7.187500e+01 0.000000e+00
7.203125e+01 0.000000e+00
7.218750e+01 0.000000e+00
7.234375e+01 0.000000e+00
7.250000e+01 0.000000e+00
7.265625e+01 0.000000e+00
7.281250e+01 0.000000e+00
7.296875e+01 0.000000e+00
7.312500e+01 0.000000e+00
7.328125e+01 0.000000e+00
7.343750e+01 0.000000e+00
7.359375e+01 0.000000e+00
7.375000e+01 0.000000e+00
7.390625e+01 0.000000e+00
7.406250e+01 0.000000e+00
7.421875e+01 0.000000e+00
7.437500e+01 0.000000e+00
7.453125e+01 0.000000e+00
7.468750e+01 0.000000e+00
7.484375e+01 0.000000e+00
7.500000e+01 0.000000e+00
7.515625e+01 0.000000e+00
7.531250e+01 0.000000e+00
7.546875e+01 0.000000e+00
7.562500e+01 0.000000e+00
7.578125e+01 0.000000e+00
7.593750e+01 0.000000e+00
7.609375e+01 0.000000e+00
7.625000e+01 0.000000e+00
7.640625e+01 0.000000e+00
7.656250e+01 0.000000e+00
7.671875e+01 0.000000e+00
7.687500e+01 0.000000e+00
7.703125e+01 0.000000e+00
7.718750e+01 0.000000e+00
7.734375e+01 0.000000e+00
7.750000e+01 0.000000e+00
7.765625e+01 0.000000e+00
7.781250e+01 0.000000e+00
7.796875e+01 0.000000e+00
7.812500e+01 0.000000e+00
7.828125e+01 0.000000e+00
7.843750e+01 0.000000e+00
7.859375e+01 0.000000e+00
7.875000e+01 0.000000e+00
7.890625e+01 0.000000e+00
7.906250e+01 0.000000e+00
7.921875e+01 0.000000e+00
7.937500e+01 0.000000e+00
7.953125e+01 0.000000e+00
7.968750e+01 0.000000e+00
7.984375e+01 0.000000e+00
