# x[h^-1_cMpc]  F_mean
0.000000e+00 8.159567e-02
1.562500e-01 6.211848e-02
3.125000e-01 5.059041e-02
4.687500e-01 4.260215e-02
6.250000e-01 3.604753e-02
7.812500e-01 3.159827e-02
9.375000e-01 2.726383e-02
1.093750e+00 2.312952e-02
1.250000e+00 2.009552e-02
1.406250e+00 1.717377e-02
1.562500e+00 1.537726e-02
1.718750e+00 1.321007e-02
1.875000e+00 1.134489e-02
2.031250e+00 1.046584e-02
2.187500e+00 9.791873e-03
2.343750e+00 8.879720e-03
2.500000e+00 8.191041e-03
2.656250e+00 7.559200e-03
2.812500e+00 6.985660e-03
2.968750e+00 6.264190e-03
3.125000e+00 5.444306e-03
3.281250e+00 4.597943e-03
3.437500e+00 3.907535e-03
3.593750e+00 3.307357e-03
3.750000e+00 2.801394e-03
3.906250e+00 2.364534e-03
4.062500e+00 2.039681e-03
4.218750e+00 1.698138e-03
4.375000e+00 1.171840e-03
4.531250e+00 1.036875e-03
4.687500e+00 9.583666e-04
4.843750e+00 8.807297e-04
5.000000e+00 6.816032e-04
5.156250e+00 3.993247e-04
5.312500e+00 3.698443e-04
5.468750e+00 3.576022e-04
5.625000e+00 3.293456e-04
5.781250e+00 2.884691e-04
5.937500e+00 2.655182e-04
6.093750e+00 2.455276e-04
6.250000e+00 1.501334e-04
6.406250e+00 1.463411e-04
6.562500e+00 1.429250e-04
6.718750e+00 1.380458e-04
6.875000e+00 1.308608e-04
7.031250e+00 1.173452e-04
7.187500e+00 1.009569e-04
7.343750e+00 9.529686e-05
7.500000e+00 6.948495e-05
7.656250e+00 6.718856e-05
7.812500e+00 6.413392e-05
7.968750e+00 5.939906e-05
8.125000e+00 5.461031e-05
8.281250e+00 4.481168e-05
8.437500e+00 2.308841e-05
8.593750e+00 1.286152e-05
8.750000e+00 2.787003e-06
8.906250e+00 2.422899e-06
9.062500e+00 2.248424e-06
9.218750e+00 2.094939e-06
9.375000e+00 1.982161e-06
9.531250e+00 1.939509e-06
9.687500e+00 1.920919e-06
9.843750e+00 1.869690e-06
1.000000e+01 1.730430e-06
1.015625e+01 1.529118e-06
1.031250e+01 1.084414e-06
1.046875e+01 8.170488e-07
1.062500e+01 4.968849e-07
1.078125e+01 1.674089e-09
1.093750e+01 1.553638e-09
1.109375e+01 1.061682e-09
1.125000e+01 5.204909e-10
1.140625e+01 3.614616e-10
1.156250e+01 3.279110e-10
1.171875e+01 2.907887e-10
1.187500e+01 1.492421e-10
1.203125e+01 9.471433e-11
1.218750e+01 7.223701e-11
1.234375e+01 5.780705e-11
1.250000e+01 4.277098e-11
1.265625e+01 3.857567e-11
1.281250e+01 2.909128e-11
1.296875e+01 2.087510e-11
1.312500e+01 1.731584e-11
1.328125e+01 1.395016e-11
1.343750e+01 7.596654e-12
1.359375e+01 4.432091e-12
1.375000e+01 4.250817e-12
1.390625e+01 4.144471e-12
1.406250e+01 4.022138e-12
1.421875e+01 3.460469e-12
1.437500e+01 2.692054e-12
1.453125e+01 2.179688e-12
1.468750e+01 1.801302e-12
1.484375e+01 5.510649e-13
1.500000e+01 1.430824e-19
1.515625e+01 1.359166e-20
1.531250e+01 1.343453e-20
1.546875e+01 1.323854e-20
1.562500e+01 1.306829e-20
1.578125e+01 1.272084e-20
1.593750e+01 1.064638e-20
1.609375e+01 9.427599e-21
1.625000e+01 8.632219e-21
1.640625e+01 7.671684e-21
1.656250e+01 5.598589e-21
1.671875e+01 5.052017e-21
1.687500e+01 4.676793e-21
1.703125e+01 4.584809e-21
1.718750e+01 4.470147e-21
1.734375e+01 4.393067e-21
1.750000e+01 4.371632e-21
1.765625e+01 4.360470e-21
1.781250e+01 4.352295e-21
1.796875e+01 4.347166e-21
1.812500e+01 4.320096e-21
1.828125e+01 4.291975e-21
1.843750e+01 4.175541e-21
1.859375e+01 2.502125e-21
1.875000e+01 6.401248e-22
1.890625e+01 5.745519e-22
1.906250e+01 5.088423e-22
1.921875e+01 4.557587e-22
1.937500e+01 4.524638e-22
1.953125e+01 4.516906e-22
1.968750e+01 4.493607e-22
1.984375e+01 4.390412e-22
2.000000e+01 4.093265e-22
2.015625e+01 3.424271e-22
2.031250e+01 3.109144e-22
2.046875e+01 2.289618e-22
2.062500e+01 1.352930e-22
2.078125e+01 4.812062e-23
2.093750e+01 1.463670e-23
2.109375e+01 1.303698e-23
2.125000e+01 1.133364e-23
2.140625e+01 5.476517e-24
2.156250e+01 1.655047e-24
2.171875e+01 3.289473e-25
2.187500e+01 8.851368e-37
2.203125e+01 5.976052e-45
2.218750e+01 1.615101e-60
2.234375e+01 1.548740e-76
2.250000e+01 4.893251e-82
2.265625e+01 4.682706e-82
2.281250e+01 4.434024e-82
2.296875e+01 4.263359e-82
2.312500e+01 9.529590e-84
2.328125e+01 1.958263e-87
2.343750e+01 1.107903e-100
2.359375e+01 1.967871e-106
2.375000e+01 1.463114e-111
2.390625e+01 9.723991e-125
2.406250e+01 5.004582e-145
2.421875e+01 1.882479e-181
2.437500e+01 1.290104e-202
2.453125e+01 1.113443e-211
2.468750e+01 1.533371e-241
2.484375e+01 0.000000e+00
2.500000e+01 0.000000e+00
2.515625e+01 0.000000e+00
2.531250e+01 0.000000e+00
2.546875e+01 0.000000e+00
2.562500e+01 0.000000e+00
2.578125e+01 0.000000e+00
2.593750e+01 0.000000e+00
2.609375e+01 0.000000e+00
2.625000e+01 0.000000e+00
2.640625e+01 0.000000e+00
2.656250e+01 0.000000e+00
2.671875e+01 0.000000e+00
2.687500e+01 0.000000e+00
2.703125e+01 0.000000e+00
2.718750e+01 0.000000e+00
2.734375e+01 0.000000e+00
2.750000e+01 0.000000e+00
2.765625e+01 0.000000e+00
2.781250e+01 0.000000e+00
2.796875e+01 0.000000e+00
2.812500e+01 0.000000e+00
2.828125e+01 0.000000e+00
2.843750e+01 0.000000e+00
2.859375e+01 0.000000e+00
2.875000e+01 0.000000e+00
2.890625e+01 0.000000e+00
2.906250e+01 0.000000e+00
2.921875e+01 0.000000e+00
2.937500e+01 0.000000e+00
2.953125e+01 0.000000e+00
2.968750e+01 0.000000e+00
2.984375e+01 0.000000e+00
3.000000e+01 0.000000e+00
3.015625e+01 0.000000e+00
3.031250e+01 0.000000e+00
3.046875e+01 0.000000e+00
3.062500e+01 0.000000e+00
3.078125e+01 0.000000e+00
3.093750e+01 0.000000e+00
3.109375e+01 0.000000e+00
3.125000e+01 0.000000e+00
3.140625e+01 0.000000e+00
3.156250e+01 0.000000e+00
3.171875e+01 0.000000e+00
3.187500e+01 0.000000e+00
3.203125e+01 0.000000e+00
3.218750e+01 0.000000e+00
3.234375e+01 0.000000e+00
3.250000e+01 0.000000e+00
3.265625e+01 0.000000e+00
3.281250e+01 0.000000e+00
3.296875e+01 0.000000e+00
3.312500e+01 0.000000e+00
3.328125e+01 0.000000e+00
3.343750e+01 0.000000e+00
3.359375e+01 0.000000e+00
3.375000e+01 0.000000e+00
3.390625e+01 0.000000e+00
3.406250e+01 0.000000e+00
3.421875e+01 0.000000e+00
3.437500e+01 0.000000e+00
3.453125e+01 0.000000e+00
3.468750e+01 0.000000e+00
3.484375e+01 0.000000e+00
3.500000e+01 0.000000e+00
3.515625e+01 0.000000e+00
3.531250e+01 0.000000e+00
3.546875e+01 0.000000e+00
3.562500e+01 0.000000e+00
3.578125e+01 0.000000e+00
3.593750e+01 0.000000e+00
3.609375e+01 0.000000e+00
3.625000e+01 0.000000e+00
3.640625e+01 0.000000e+00
3.656250e+01 0.000000e+00
3.671875e+01 0.000000e+00
3.687500e+01 0.000000e+00
3.703125e+01 0.000000e+00
3.718750e+01 0.000000e+00
3.734375e+01 0.000000e+00
3.750000e+01 0.000000e+00
3.765625e+01 0.000000e+00
3.781250e+01 0.000000e+00
3.796875e+01 0.000000e+00
3.812500e+01 0.000000e+00
3.828125e+01 0.000000e+00
3.843750e+01 0.000000e+00
3.859375e+01 0.000000e+00
3.875000e+01 0.000000e+00
3.890625e+01 0.000000e+00
3.906250e+01 0.000000e+00
3.921875e+01 0.000000e+00
3.937500e+01 0.000000e+00
3.953125e+01 0.000000e+00
3.968750e+01 0.000000e+00
3.984375e+01 0.000000e+00
4.000000e+01 0.000000e+00
4.015625e+01 0.000000e+00
4.031250e+01 0.000000e+00
4.046875e+01 0.000000e+00
4.062500e+01 0.000000e+00
4.078125e+01 0.000000e+00
4.093750e+01 0.000000e+00
4.109375e+01 0.000000e+00
4.125000e+01 0.000000e+00
4.140625e+01 0.000000e+00
4.156250e+01 0.000000e+00
4.171875e+01 0.000000e+00
4.187500e+01 0.000000e+00
4.203125e+01 0.000000e+00
4.218750e+01 0.000000e+00
4.234375e+01 0.000000e+00
4.250000e+01 0.000000e+00
4.265625e+01 0.000000e+00
4.281250e+01 0.000000e+00
4.296875e+01 0.000000e+00
4.312500e+01 0.000000e+00
4.328125e+01 0.000000e+00
4.343750e+01 0.000000e+00
4.359375e+01 0.000000e+00
4.375000e+01 0.000000e+00
4.390625e+01 0.000000e+00
4.406250e+01 0.000000e+00
4.421875e+01 0.000000e+00
4.437500e+01 0.000000e+00
4.453125e+01 0.000000e+00
4.468750e+01 0.000000e+00
4.484375e+01 0.000000e+00
4.500000e+01 0.000000e+00
4.515625e+01 0.000000e+00
4.531250e+01 0.000000e+00
4.546875e+01 0.000000e+00
4.562500e+01 0.000000e+00
4.578125e+01 0.000000e+00
4.593750e+01 0.000000e+00
4.609375e+01 0.000000e+00
4.625000e+01 0.000000e+00
4.640625e+01 0.000000e+00
4.656250e+01 0.000000e+00
4.671875e+01 0.000000e+00
4.687500e+01 0.000000e+00
4.703125e+01 0.000000e+00
4.718750e+01 0.000000e+00
4.734375e+01 0.000000e+00
4.750000e+01 0.000000e+00
4.765625e+01 0.000000e+00
4.781250e+01 0.000000e+00
4.796875e+01 0.000000e+00
4.812500e+01 0.000000e+00
4.828125e+01 0.000000e+00
4.843750e+01 0.000000e+00
4.859375e+01 0.000000e+00
4.875000e+01 0.000000e+00
4.890625e+01 0.000000e+00
4.906250e+01 0.000000e+00
4.921875e+01 0.000000e+00
4.937500e+01 0.000000e+00
4.953125e+01 0.000000e+00
4.968750e+01 0.000000e+00
4.984375e+01 0.000000e+00
5.000000e+01 0.000000e+00
5.015625e+01 0.000000e+00
5.031250e+01 0.000000e+00
5.046875e+01 0.000000e+00
5.062500e+01 0.000000e+00
5.078125e+01 0.000000e+00
5.093750e+01 0.000000e+00
5.109375e+01 0.000000e+00
5.125000e+01 0.000000e+00
5.140625e+01 0.000000e+00
5.156250e+01 0.000000e+00
5.171875e+01 0.000000e+00
5.187500e+01 0.000000e+00
5.203125e+01 0.000000e+00
5.218750e+01 0.000000e+00
5.234375e+01 0.000000e+00
5.250000e+01 0.000000e+00
5.265625e+01 0.000000e+00
5.281250e+01 0.000000e+00
5.296875e+01 0.000000e+00
5.312500e+01 0.000000e+00
5.328125e+01 0.000000e+00
5.343750e+01 0.000000e+00
5.359375e+01 0.000000e+00
5.375000e+01 0.000000e+00
5.390625e+01 0.000000e+00
5.406250e+01 0.000000e+00
5.421875e+01 0.000000e+00
5.437500e+01 0.000000e+00
5.453125e+01 0.000000e+00
5.468750e+01 0.000000e+00
5.484375e+01 0.000000e+00
5.500000e+01 0.000000e+00
5.515625e+01 0.000000e+00
5.531250e+01 0.000000e+00
5.546875e+01 0.000000e+00
5.562500e+01 0.000000e+00
5.578125e+01 0.000000e+00
5.593750e+01 0.000000e+00
5.609375e+01 0.000000e+00
5.625000e+01 0.000000e+00
5.640625e+01 0.000000e+00
5.656250e+01 0.000000e+00
5.671875e+01 0.000000e+00
5.687500e+01 0.000000e+00
5.703125e+01 0.000000e+00
5.718750e+01 0.000000e+00
5.734375e+01 0.000000e+00
5.750000e+01 0.000000e+00
5.765625e+01 0.000000e+00
5.781250e+01 0.000000e+00
5.796875e+01 0.000000e+00
5.812500e+01 0.000000e+00
5.828125e+01 0.000000e+00
5.843750e+01 0.000000e+00
5.859375e+01 0.000000e+00
5.875000e+01 0.000000e+00
5.890625e+01 0.000000e+00
5.906250e+01 0.000000e+00
5.921875e+01 0.000000e+00
5.937500e+01 0.000000e+00
5.953125e+01 0.000000e+00
5.968750e+01 0.000000e+00
5.984375e+01 0.000000e+00
6.000000e+01 0.000000e+00
6.015625e+01 0.000000e+00
6.031250e+01 0.000000e+00
6.046875e+01 0.000000e+00
6.062500e+01 0.000000e+00
6.078125e+01 0.000000e+00
6.093750e+01 0.000000e+00
6.109375e+01 0.000000e+00
6.125000e+01 0.000000e+00
6.140625e+01 0.000000e+00
6.156250e+01 0.000000e+00
6.171875e+01 0.000000e+00
6.187500e+01 0.000000e+00
6.203125e+01 0.000000e+00
6.218750e+01 0.000000e+00
6.234375e+01 0.000000e+00
6.250000e+01 0.000000e+00
6.265625e+01 0.000000e+00
6.281250e+01 0.000000e+00
6.296875e+01 0.000000e+00
6.312500e+01 0.000000e+00
6.328125e+01 0.000000e+00
6.343750e+01 0.000000e+00
6.359375e+01 0.000000e+00
6.375000e+01 0.000000e+00
6.390625e+01 0.000000e+00
6.406250e+01 0.000000e+00
6.421875e+01 0.000000e+00
6.437500e+01 0.000000e+00
6.453125e+01 0.000000e+00
6.468750e+01 0.000000e+00
6.484375e+01 0.000000e+00
6.500000e+01 0.000000e+00
6.515625e+01 0.000000e+00
6.531250e+01 0.000000e+00
6.546875e+01 0.000000e+00
6.562500e+01 0.000000e+00
6.578125e+01 0.000000e+00
6.593750e+01 0.000000e+00
6.609375e+01 0.000000e+00
6.625000e+01 0.000000e+00
6.640625e+01 0.000000e+00
6.656250e+01 0.000000e+00
6.671875e+01 0.000000e+00
6.687500e+01 0.000000e+00
6.703125e+01 0.000000e+00
6.718750e+01 0.000000e+00
6.734375e+01 0.000000e+00
6.750000e+01 0.000000e+00
6.765625e+01 0.000000e+00
6.781250e+01 0.000000e+00
6.796875e+01 0.000000e+00
6.812500e+01 0.000000e+00
6.828125e+01 0.000000e+00
6.843750e+01 0.000000e+00
6.859375e+01 0.000000e+00
6.875000e+01 0.000000e+00
6.890625e+01 0.000000e+00
6.906250e+01 0.000000e+00
6.921875e+01 0.000000e+00
6.937500e+01 0.000000e+00
6.953125e+01 0.000000e+00
6.968750e+01 0.000000e+00
6.984375e+01 0.000000e+00
7.000000e+01 0.000000e+00
7.015625e+01 0.000000e+00
7.031250e+01 0.000000e+00
7.046875e+01 0.000000e+00
7.062500e+01 0.000000e+00
7.078125e+01 0.000000e+00
7.093750e+01 0.000000e+00
7.109375e+01 0.000000e+00
7.125000e+01 0.000000e+00
7.140625e+01 0.000000e+00
7.156250e+01 0.000000e+00
7.171875e+01 0.000000e+00
7.187500e+01 0.000000e+00
7.203125e+01 0.000000e+00
7.218750e+01 0.000000e+00
7.234375e+01 0.000000e+00
7.250000e+01 0.000000e+00
7.265625e+01 0.000000e+00
7.281250e+01 0.000000e+00
7.296875e+01 0.000000e+00
7.312500e+01 0.000000e+00
7.328125e+01 0.000000e+00
7.343750e+01 0.000000e+00
7.359375e+01 0.000000e+00
7.375000e+01 0.000000e+00
7.390625e+01 0.000000e+00
7.406250e+01 0.000000e+00
7.421875e+01 0.000000e+00
7.437500e+01 0.000000e+00
7.453125e+01 0.000000e+00
7.468750e+01 0.000000e+00
7.484375e+01 0.000000e+00
7.500000e+01 0.000000e+00
7.515625e+01 0.000000e+00
7.531250e+01 0.000000e+00
7.546875e+01 0.000000e+00
7.562500e+01 0.000000e+00
7.578125e+01 0.000000e+00
7.593750e+01 0.000000e+00
7.609375e+01 0.000000e+00
7.625000e+01 0.000000e+00
7.640625e+01 0.000000e+00
7.656250e+01 0.000000e+00
7.671875e+01 0.000000e+00
7.687500e+01 0.000000e+00
7.703125e+01 0.000000e+00
7.718750e+01 0.000000e+00
7.734375e+01 0.000000e+00
7.750000e+01 0.000000e+00
7.765625e+01 0.000000e+00
7.781250e+01 0.000000e+00
7.796875e+01 0.000000e+00
7.812500e+01 0.000000e+00
7.828125e+01 0.000000e+00
7.843750e+01 0.000000e+00
7.859375e+01 0.000000e+00
7.875000e+01 0.000000e+00
7.890625e+01 0.000000e+00
7.906250e+01 0.000000e+00
7.921875e+01 0.000000e+00
7.937500e+01 0.000000e+00
7.953125e+01 0.000000e+00
7.968750e+01 0.000000e+00
7.984375e+01 0.000000e+00
