# x[h^-1_cMpc]  F_mean
0.000000e+00 7.498850e-01
1.562500e-01 7.215510e-01
3.125000e-01 6.991853e-01
4.687500e-01 6.810047e-01
6.250000e-01 6.614429e-01
7.812500e-01 6.463877e-01
9.375000e-01 6.329557e-01
1.093750e+00 6.202837e-01
1.250000e+00 6.090696e-01
1.406250e+00 5.974103e-01
1.562500e+00 5.876998e-01
1.718750e+00 5.781866e-01
1.875000e+00 5.703486e-01
2.031250e+00 5.628936e-01
2.187500e+00 5.551187e-01
2.343750e+00 5.476643e-01
2.500000e+00 5.406057e-01
2.656250e+00 5.335527e-01
2.812500e+00 5.262465e-01
2.968750e+00 5.186883e-01
3.125000e+00 5.115129e-01
3.281250e+00 5.052672e-01
3.437500e+00 4.985300e-01
3.593750e+00 4.932952e-01
3.750000e+00 4.870891e-01
3.906250e+00 4.812880e-01
4.062500e+00 4.752977e-01
4.218750e+00 4.701312e-01
4.375000e+00 4.639225e-01
4.531250e+00 4.589474e-01
4.687500e+00 4.534703e-01
4.843750e+00 4.489094e-01
5.000000e+00 4.444261e-01
5.156250e+00 4.391827e-01
5.312500e+00 4.350891e-01
5.468750e+00 4.305695e-01
5.625000e+00 4.265029e-01
5.781250e+00 4.227088e-01
5.937500e+00 4.183324e-01
6.093750e+00 4.144794e-01
6.250000e+00 4.111860e-01
6.406250e+00 4.075679e-01
6.562500e+00 4.029982e-01
6.718750e+00 3.994492e-01
6.875000e+00 3.948737e-01
7.031250e+00 3.907407e-01
7.187500e+00 3.870265e-01
7.343750e+00 3.821218e-01
7.500000e+00 3.781751e-01
7.656250e+00 3.747029e-01
7.812500e+00 3.708789e-01
7.968750e+00 3.675472e-01
8.125000e+00 3.646474e-01
8.281250e+00 3.610728e-01
8.437500e+00 3.572964e-01
8.593750e+00 3.541826e-01
8.750000e+00 3.512313e-01
8.906250e+00 3.483363e-01
9.062500e+00 3.449741e-01
9.218750e+00 3.422398e-01
9.375000e+00 3.392909e-01
9.531250e+00 3.357633e-01
9.687500e+00 3.329659e-01
9.843750e+00 3.300610e-01
1.000000e+01 3.272756e-01
1.015625e+01 3.239412e-01
1.031250e+01 3.207363e-01
1.046875e+01 3.178450e-01
1.062500e+01 3.147797e-01
1.078125e+01 3.120998e-01
1.093750e+01 3.092041e-01
1.109375e+01 3.068755e-01
1.125000e+01 3.034591e-01
1.140625e+01 3.002867e-01
1.156250e+01 2.972575e-01
1.171875e+01 2.946072e-01
1.187500e+01 2.923871e-01
1.203125e+01 2.900052e-01
1.218750e+01 2.874064e-01
1.234375e+01 2.848038e-01
1.250000e+01 2.826115e-01
1.265625e+01 2.801114e-01
1.281250e+01 2.777911e-01
1.296875e+01 2.747034e-01
1.312500e+01 2.721603e-01
1.328125e+01 2.697775e-01
1.343750e+01 2.679606e-01
1.359375e+01 2.657010e-01
1.375000e+01 2.633614e-01
1.390625e+01 2.607888e-01
1.406250e+01 2.586659e-01
1.421875e+01 2.561401e-01
1.437500e+01 2.542492e-01
1.453125e+01 2.512206e-01
1.468750e+01 2.490989e-01
1.484375e+01 2.469962e-01
1.500000e+01 2.452207e-01
1.515625e+01 2.431689e-01
1.531250e+01 2.412566e-01
1.546875e+01 2.395171e-01
1.562500e+01 2.374060e-01
1.578125e+01 2.350894e-01
1.593750e+01 2.329280e-01
1.609375e+01 2.312134e-01
1.625000e+01 2.295608e-01
1.640625e+01 2.280324e-01
1.656250e+01 2.261910e-01
1.671875e+01 2.244137e-01
1.687500e+01 2.228867e-01
1.703125e+01 2.206325e-01
1.718750e+01 2.187219e-01
1.734375e+01 2.173955e-01
1.750000e+01 2.158575e-01
1.765625e+01 2.142437e-01
1.781250e+01 2.126542e-01
1.796875e+01 2.111035e-01
1.812500e+01 2.093521e-01
1.828125e+01 2.080577e-01
1.843750e+01 2.067819e-01
1.859375e+01 2.051657e-01
1.875000e+01 2.037609e-01
1.890625e+01 2.021602e-01
1.906250e+01 2.005201e-01
1.921875e+01 1.990467e-01
1.937500e+01 1.975457e-01
1.953125e+01 1.960720e-01
1.968750e+01 1.945704e-01
1.984375e+01 1.932820e-01
2.000000e+01 1.921190e-01
2.015625e+01 1.908917e-01
2.031250e+01 1.896379e-01
2.046875e+01 1.885499e-01
2.062500e+01 1.871663e-01
2.078125e+01 1.854706e-01
2.093750e+01 1.838137e-01
2.109375e+01 1.820461e-01
2.125000e+01 1.804546e-01
2.140625e+01 1.791107e-01
2.156250e+01 1.779414e-01
2.171875e+01 1.767003e-01
2.187500e+01 1.751511e-01
2.203125e+01 1.737965e-01
2.218750e+01 1.724737e-01
2.234375e+01 1.709393e-01
2.250000e+01 1.692036e-01
2.265625e+01 1.680134e-01
2.281250e+01 1.664212e-01
2.296875e+01 1.646360e-01
2.312500e+01 1.629149e-01
2.328125e+01 1.613935e-01
2.343750e+01 1.598729e-01
2.359375e+01 1.583868e-01
2.375000e+01 1.565312e-01
2.390625e+01 1.549687e-01
2.406250e+01 1.536294e-01
2.421875e+01 1.520874e-01
2.437500e+01 1.500614e-01
2.453125e+01 1.486198e-01
2.468750e+01 1.469309e-01
2.484375e+01 1.453899e-01
2.500000e+01 1.437430e-01
2.515625e+01 1.420417e-01
2.531250e+01 1.402712e-01
2.546875e+01 1.384633e-01
2.562500e+01 1.367070e-01
2.578125e+01 1.353311e-01
2.593750e+01 1.339650e-01
2.609375e+01 1.322655e-01
2.625000e+01 1.311147e-01
2.640625e+01 1.297434e-01
2.656250e+01 1.285313e-01
2.671875e+01 1.272098e-01
2.687500e+01 1.258534e-01
2.703125e+01 1.244436e-01
2.718750e+01 1.232757e-01
2.734375e+01 1.222430e-01
2.750000e+01 1.210173e-01
2.765625e+01 1.197844e-01
2.781250e+01 1.188585e-01
2.796875e+01 1.176803e-01
2.812500e+01 1.165444e-01
2.828125e+01 1.150597e-01
2.843750e+01 1.134562e-01
2.859375e+01 1.121390e-01
2.875000e+01 1.111052e-01
2.890625e+01 1.100747e-01
2.906250e+01 1.088145e-01
2.921875e+01 1.075667e-01
2.937500e+01 1.065513e-01
2.953125e+01 1.055507e-01
2.968750e+01 1.045277e-01
2.984375e+01 1.035090e-01
3.000000e+01 1.025774e-01
3.015625e+01 1.016694e-01
3.031250e+01 1.004684e-01
3.046875e+01 9.936841e-02
3.062500e+01 9.842651e-02
3.078125e+01 9.767373e-02
3.093750e+01 9.676828e-02
3.109375e+01 9.576651e-02
3.125000e+01 9.486354e-02
3.140625e+01 9.376521e-02
3.156250e+01 9.287472e-02
3.171875e+01 9.212835e-02
3.187500e+01 9.138127e-02
3.203125e+01 9.044245e-02
3.218750e+01 8.948658e-02
3.234375e+01 8.820986e-02
3.250000e+01 8.716365e-02
3.265625e+01 8.634814e-02
3.281250e+01 8.561130e-02
3.296875e+01 8.498078e-02
3.312500e+01 8.416180e-02
3.328125e+01 8.322875e-02
3.343750e+01 8.248196e-02
3.359375e+01 8.172781e-02
3.375000e+01 8.087049e-02
3.390625e+01 8.017497e-02
3.406250e+01 7.957899e-02
3.421875e+01 7.876648e-02
3.437500e+01 7.815107e-02
3.453125e+01 7.737493e-02
3.468750e+01 7.680023e-02
3.484375e+01 7.623034e-02
3.500000e+01 7.570590e-02
3.515625e+01 7.521693e-02
3.531250e+01 7.455555e-02
3.546875e+01 7.392481e-02
3.562500e+01 7.343067e-02
3.578125e+01 7.285136e-02
3.593750e+01 7.232592e-02
3.609375e+01 7.171684e-02
3.625000e+01 7.117322e-02
3.640625e+01 7.067331e-02
3.656250e+01 7.007063e-02
3.671875e+01 6.955474e-02
3.687500e+01 6.899630e-02
3.703125e+01 6.855755e-02
3.718750e+01 6.814214e-02
3.734375e+01 6.756747e-02
3.750000e+01 6.690367e-02
3.765625e+01 6.627705e-02
3.781250e+01 6.569883e-02
3.796875e+01 6.513240e-02
3.812500e+01 6.452171e-02
3.828125e+01 6.395121e-02
3.843750e+01 6.343968e-02
3.859375e+01 6.300076e-02
3.875000e+01 6.240809e-02
3.890625e+01 6.165520e-02
3.906250e+01 6.101620e-02
3.921875e+01 6.043391e-02
3.937500e+01 6.001560e-02
3.953125e+01 5.954535e-02
3.968750e+01 5.919206e-02
3.984375e+01 5.888800e-02
4.000000e+01 5.850224e-02
4.015625e+01 5.818623e-02
4.031250e+01 5.776812e-02
4.046875e+01 5.734678e-02
4.062500e+01 5.684972e-02
4.078125e+01 5.647746e-02
4.093750e+01 5.617551e-02
4.109375e+01 5.588820e-02
4.125000e+01 5.554032e-02
4.140625e+01 5.523116e-02
4.156250e+01 5.471790e-02
4.171875e+01 5.434430e-02
4.187500e+01 5.402288e-02
4.203125e+01 5.375742e-02
4.218750e+01 5.338408e-02
4.234375e+01 5.303399e-02
4.250000e+01 5.264547e-02
4.265625e+01 5.241408e-02
4.281250e+01 5.211487e-02
4.296875e+01 5.171838e-02
4.312500e+01 5.133372e-02
4.328125e+01 5.099812e-02
4.343750e+01 5.050736e-02
4.359375e+01 5.015516e-02
4.375000e+01 4.984855e-02
4.390625e+01 4.953597e-02
4.406250e+01 4.923408e-02
4.421875e+01 4.894658e-02
4.437500e+01 4.864050e-02
4.453125e+01 4.828368e-02
4.468750e+01 4.793230e-02
4.484375e+01 4.755442e-02
4.500000e+01 4.714506e-02
4.515625e+01 4.665055e-02
4.531250e+01 4.624286e-02
4.546875e+01 4.576894e-02
4.562500e+01 4.543149e-02
4.578125e+01 4.482534e-02
4.593750e+01 4.442281e-02
4.609375e+01 4.399714e-02
4.625000e+01 4.362744e-02
4.640625e+01 4.327356e-02
4.656250e+01 4.299216e-02
4.671875e+01 4.260836e-02
4.687500e+01 4.235265e-02
4.703125e+01 4.210235e-02
4.718750e+01 4.177530e-02
4.734375e+01 4.149837e-02
4.750000e+01 4.124243e-02
4.765625e+01 4.094642e-02
4.781250e+01 4.065269e-02
4.796875e+01 4.033445e-02
4.812500e+01 4.007938e-02
4.828125e+01 3.977187e-02
4.843750e+01 3.950148e-02
4.859375e+01 3.908615e-02
4.875000e+01 3.884558e-02
4.890625e+01 3.863709e-02
4.906250e+01 3.838307e-02
4.921875e+01 3.808157e-02
4.937500e+01 3.772436e-02
4.953125e+01 3.740087e-02
4.968750e+01 3.712340e-02
4.984375e+01 3.678104e-02
5.000000e+01 3.646684e-02
5.015625e+01 3.613721e-02
5.031250e+01 3.588970e-02
5.046875e+01 3.564358e-02
5.062500e+01 3.535936e-02
5.078125e+01 3.513562e-02
5.093750e+01 3.493030e-02
5.109375e+01 3.471747e-02
5.125000e+01 3.452015e-02
5.140625e+01 3.434055e-02
5.156250e+01 3.413905e-02
5.171875e+01 3.394527e-02
5.187500e+01 3.375598e-02
5.203125e+01 3.356206e-02
5.218750e+01 3.330702e-02
5.234375e+01 3.307567e-02
5.250000e+01 3.282183e-02
5.265625e+01 3.263273e-02
5.281250e+01 3.245073e-02
5.296875e+01 3.212703e-02
5.312500e+01 3.190387e-02
5.328125e+01 3.174581e-02
5.343750e+01 3.154993e-02
5.359375e+01 3.133981e-02
5.375000e+01 3.116270e-02
5.390625e+01 3.089582e-02
5.406250e+01 3.072405e-02
5.421875e+01 3.055758e-02
5.437500e+01 3.032389e-02
5.453125e+01 3.012052e-02
5.468750e+01 2.992659e-02
5.484375e+01 2.975473e-02
5.500000e+01 2.953992e-02
5.515625e+01 2.926100e-02
5.531250e+01 2.898819e-02
5.546875e+01 2.860355e-02
5.562500e+01 2.831367e-02
5.578125e+01 2.800546e-02
5.593750e+01 2.769973e-02
5.609375e+01 2.740199e-02
5.625000e+01 2.713363e-02
5.640625e+01 2.687257e-02
5.656250e+01 2.651063e-02
5.671875e+01 2.613702e-02
5.687500e+01 2.591310e-02
5.703125e+01 2.559079e-02
5.718750e+01 2.513207e-02
5.734375e+01 2.479584e-02
5.750000e+01 2.448032e-02
5.765625e+01 2.420695e-02
5.781250e+01 2.393394e-02
5.796875e+01 2.363260e-02
5.812500e+01 2.323482e-02
5.828125e+01 2.285267e-02
5.843750e+01 2.238718e-02
5.859375e+01 2.176708e-02
5.875000e+01 2.116161e-02
5.890625e+01 2.045371e-02
5.906250e+01 1.953929e-02
5.921875e+01 1.856648e-02
5.937500e+01 1.797379e-02
5.953125e+01 1.754598e-02
5.968750e+01 1.713214e-02
5.984375e+01 1.679566e-02
6.000000e+01 1.643427e-02
6.015625e+01 1.610336e-02
6.031250e+01 1.587765e-02
6.046875e+01 1.559727e-02
6.062500e+01 1.530286e-02
6.078125e+01 1.505778e-02
6.093750e+01 1.484187e-02
6.109375e+01 1.464278e-02
6.125000e+01 1.437184e-02
6.140625e+01 1.416060e-02
6.156250e+01 1.389862e-02
6.171875e+01 1.375692e-02
6.187500e+01 1.364865e-02
6.203125e+01 1.352143e-02
6.218750e+01 1.333105e-02
6.234375e+01 1.312004e-02
6.250000e+01 1.296096e-02
6.265625e+01 1.286730e-02
6.281250e+01 1.275433e-02
6.296875e+01 1.267417e-02
6.312500e+01 1.259436e-02
6.328125e+01 1.242208e-02
6.343750e+01 1.223438e-02
6.359375e+01 1.209216e-02
6.375000e+01 1.193792e-02
6.390625e+01 1.180752e-02
6.406250e+01 1.172143e-02
6.421875e+01 1.164843e-02
6.437500e+01 1.156836e-02
6.453125e+01 1.147587e-02
6.468750e+01 1.136294e-02
6.484375e+01 1.129516e-02
6.500000e+01 1.122839e-02
6.515625e+01 1.117687e-02
6.531250e+01 1.111088e-02
6.546875e+01 1.104507e-02
6.562500e+01 1.097822e-02
6.578125e+01 1.090579e-02
6.593750e+01 1.085821e-02
6.609375e+01 1.081456e-02
6.625000e+01 1.076270e-02
6.640625e+01 1.071210e-02
6.656250e+01 1.067030e-02
6.671875e+01 1.061339e-02
6.687500e+01 1.051116e-02
6.703125e+01 1.042869e-02
6.718750e+01 1.034204e-02
6.734375e+01 1.025237e-02
6.750000e+01 1.020657e-02
6.765625e+01 1.014954e-02
6.781250e+01 1.004483e-02
6.796875e+01 9.977697e-03
6.812500e+01 9.939691e-03
6.828125e+01 9.899215e-03
6.843750e+01 9.850054e-03
6.859375e+01 9.790088e-03
6.875000e+01 9.753939e-03
6.890625e+01 9.724034e-03
6.906250e+01 9.695092e-03
6.921875e+01 9.653987e-03
6.937500e+01 9.604377e-03
6.953125e+01 9.573311e-03
6.968750e+01 9.543804e-03
6.984375e+01 9.497610e-03
7.000000e+01 9.439783e-03
7.015625e+01 9.376099e-03
7.031250e+01 9.326872e-03
7.046875e+01 9.270237e-03
7.062500e+01 9.235383e-03
7.078125e+01 9.202706e-03
7.093750e+01 9.170706e-03
7.109375e+01 9.125726e-03
7.125000e+01 9.065491e-03
7.140625e+01 9.017319e-03
7.156250e+01 8.974903e-03
7.171875e+01 8.936183e-03
7.187500e+01 8.908216e-03
7.203125e+01 8.873263e-03
7.218750e+01 8.844864e-03
7.234375e+01 8.822845e-03
7.250000e+01 8.782899e-03
7.265625e+01 8.752770e-03
7.281250e+01 8.709257e-03
7.296875e+01 8.651419e-03
7.312500e+01 8.615852e-03
7.328125e+01 8.579662e-03
7.343750e+01 8.547918e-03
7.359375e+01 8.511493e-03
7.375000e+01 8.486128e-03
7.390625e+01 8.463108e-03
7.406250e+01 8.438595e-03
7.421875e+01 8.394811e-03
7.437500e+01 8.339685e-03
7.453125e+01 8.291767e-03
7.468750e+01 8.253117e-03
7.484375e+01 8.219499e-03
7.500000e+01 8.187390e-03
7.515625e+01 8.152144e-03
7.531250e+01 8.129970e-03
7.546875e+01 8.092829e-03
7.562500e+01 8.063662e-03
7.578125e+01 8.041422e-03
7.593750e+01 8.016412e-03
7.609375e+01 7.980178e-03
7.625000e+01 7.957298e-03
7.640625e+01 7.912920e-03
7.656250e+01 7.872166e-03
7.671875e+01 7.823317e-03
7.687500e+01 7.800280e-03
7.703125e+01 7.769486e-03
7.718750e+01 7.742123e-03
7.734375e+01 7.698199e-03
7.750000e+01 7.676001e-03
7.765625e+01 7.650949e-03
7.781250e+01 7.606119e-03
7.796875e+01 7.561869e-03
7.812500e+01 7.516301e-03
7.828125e+01 7.481723e-03
7.843750e+01 7.432847e-03
7.859375e+01 7.396495e-03
7.875000e+01 7.355628e-03
7.890625e+01 7.329655e-03
7.906250e+01 7.300393e-03
7.921875e+01 7.261014e-03
7.937500e+01 7.201388e-03
7.953125e+01 7.156471e-03
7.968750e+01 7.102180e-03
7.984375e+01 7.058408e-03
