# x[h^-1_cMpc]  F_mean
0.000000e+00 1.022697e-01
1.562500e-01 8.017922e-02
3.125000e-01 6.696004e-02
4.687500e-01 5.655758e-02
6.250000e-01 4.834341e-02
7.812500e-01 4.222518e-02
9.375000e-01 3.759065e-02
1.093750e+00 3.355138e-02
1.250000e+00 3.033516e-02
1.406250e+00 2.673032e-02
1.562500e+00 2.378190e-02
1.718750e+00 2.119018e-02
1.875000e+00 1.814717e-02
2.031250e+00 1.622941e-02
2.187500e+00 1.460680e-02
2.343750e+00 1.337837e-02
2.500000e+00 1.228891e-02
2.656250e+00 1.138350e-02
2.812500e+00 1.051052e-02
2.968750e+00 9.838687e-03
3.125000e+00 9.148260e-03
3.281250e+00 8.182516e-03
3.437500e+00 7.021083e-03
3.593750e+00 6.121079e-03
3.750000e+00 5.686623e-03
3.906250e+00 4.928181e-03
4.062500e+00 3.962535e-03
4.218750e+00 3.498755e-03
4.375000e+00 2.998843e-03
4.531250e+00 2.690519e-03
4.687500e+00 2.377484e-03
4.843750e+00 2.038207e-03
5.000000e+00 1.704305e-03
5.156250e+00 1.598858e-03
5.312500e+00 1.511048e-03
5.468750e+00 1.401840e-03
5.625000e+00 1.100371e-03
5.781250e+00 1.002178e-03
5.937500e+00 9.475165e-04
6.093750e+00 8.738695e-04
6.250000e+00 8.020892e-04
6.406250e+00 7.081210e-04
6.562500e+00 6.374661e-04
6.718750e+00 6.008849e-04
6.875000e+00 5.858060e-04
7.031250e+00 5.753266e-04
7.187500e+00 4.858551e-04
7.343750e+00 4.537842e-04
7.500000e+00 4.317127e-04
7.656250e+00 3.938275e-04
7.812500e+00 3.570189e-04
7.968750e+00 2.736354e-04
8.125000e+00 2.471526e-04
8.281250e+00 2.354472e-04
8.437500e+00 9.686452e-05
8.593750e+00 9.281072e-05
8.750000e+00 8.555591e-05
8.906250e+00 6.897428e-05
9.062500e+00 4.592192e-05
9.218750e+00 2.983935e-05
9.375000e+00 3.671080e-06
9.531250e+00 3.436216e-06
9.687500e+00 3.201440e-06
9.843750e+00 2.841856e-06
1.000000e+01 1.916298e-06
1.015625e+01 1.793245e-06
1.031250e+01 1.723293e-06
1.046875e+01 1.513603e-06
1.062500e+01 1.203484e-06
1.078125e+01 1.105861e-06
1.093750e+01 8.149650e-07
1.109375e+01 7.418822e-07
1.125000e+01 7.010752e-07
1.140625e+01 6.820049e-07
1.156250e+01 6.699546e-07
1.171875e+01 6.604128e-07
1.187500e+01 6.543137e-07
1.203125e+01 6.350173e-07
1.218750e+01 6.115441e-07
1.234375e+01 5.106366e-07
1.250000e+01 4.606384e-07
1.265625e+01 4.112927e-07
1.281250e+01 1.609429e-07
1.296875e+01 4.717274e-08
1.312500e+01 8.893115e-13
1.328125e+01 8.859808e-13
1.343750e+01 8.833509e-13
1.359375e+01 8.804084e-13
1.375000e+01 8.785695e-13
1.390625e+01 8.764187e-13
1.406250e+01 8.749549e-13
1.421875e+01 8.739482e-13
1.437500e+01 8.696094e-13
1.453125e+01 8.574216e-13
1.468750e+01 8.413647e-13
1.484375e+01 8.348200e-13
1.500000e+01 8.232075e-13
1.515625e+01 8.073885e-13
1.531250e+01 7.711232e-13
1.546875e+01 7.113368e-13
1.562500e+01 6.890120e-13
1.578125e+01 6.772019e-13
1.593750e+01 6.669326e-13
1.609375e+01 6.502272e-13
1.625000e+01 6.234238e-13
1.640625e+01 5.943305e-13
1.656250e+01 5.854482e-13
1.671875e+01 5.761860e-13
1.687500e+01 5.710883e-13
1.703125e+01 5.663529e-13
1.718750e+01 5.639679e-13
1.734375e+01 5.613706e-13
1.750000e+01 5.518160e-13
1.765625e+01 5.505975e-13
1.781250e+01 5.483919e-13
1.796875e+01 5.446721e-13
1.812500e+01 5.414345e-13
1.828125e+01 5.355881e-13
1.843750e+01 5.323338e-13
1.859375e+01 5.283442e-13
1.875000e+01 1.426175e-13
1.890625e+01 3.620432e-14
1.906250e+01 2.932063e-14
1.921875e+01 2.751329e-14
1.937500e+01 2.667293e-14
1.953125e+01 2.630007e-14
1.968750e+01 2.615322e-14
1.984375e+01 2.598485e-14
2.000000e+01 2.564242e-14
2.015625e+01 2.327200e-14
2.031250e+01 1.894299e-14
2.046875e+01 1.278990e-14
2.062500e+01 9.755296e-15
2.078125e+01 2.883997e-15
2.093750e+01 4.894423e-32
2.109375e+01 1.122632e-47
2.125000e+01 9.614050e-109
2.140625e+01 1.207804e-109
2.156250e+01 4.182071e-112
2.171875e+01 7.299190e-147
2.187500e+01 5.935450e-147
2.203125e+01 3.514198e-154
2.218750e+01 1.043416e-171
2.234375e+01 7.556614e-178
2.250000e+01 7.433065e-178
2.265625e+01 7.383471e-178
2.281250e+01 7.271184e-178
2.296875e+01 6.442718e-178
2.312500e+01 5.378674e-180
2.328125e+01 9.198668e-183
2.343750e+01 8.405088e-191
2.359375e+01 5.728483e-202
2.375000e+01 6.064852e-243
2.390625e+01 6.585276e-246
2.406250e+01 4.129944e-246
2.421875e+01 1.691395e-246
2.437500e+01 1.639282e-246
2.453125e+01 1.616345e-246
2.468750e+01 1.502171e-246
2.484375e+01 1.368769e-246
2.500000e+01 1.711771e-247
2.515625e+01 1.534071e-249
2.531250e+01 6.289961e-256
2.546875e+01 2.217009e-270
2.562500e+01 6.264934e-282
2.578125e+01 4.837881e-296
2.593750e+01 5.475479e-304
2.609375e+01 3.290477e-320
2.625000e+01 0.000000e+00
2.640625e+01 0.000000e+00
2.656250e+01 0.000000e+00
2.671875e+01 0.000000e+00
2.687500e+01 0.000000e+00
2.703125e+01 0.000000e+00
2.718750e+01 0.000000e+00
2.734375e+01 0.000000e+00
2.750000e+01 0.000000e+00
2.765625e+01 0.000000e+00
2.781250e+01 0.000000e+00
2.796875e+01 0.000000e+00
2.812500e+01 0.000000e+00
2.828125e+01 0.000000e+00
2.843750e+01 0.000000e+00
2.859375e+01 0.000000e+00
2.875000e+01 0.000000e+00
2.890625e+01 0.000000e+00
2.906250e+01 0.000000e+00
2.921875e+01 0.000000e+00
2.937500e+01 0.000000e+00
2.953125e+01 0.000000e+00
2.968750e+01 0.000000e+00
2.984375e+01 0.000000e+00
3.000000e+01 0.000000e+00
3.015625e+01 0.000000e+00
3.031250e+01 0.000000e+00
3.046875e+01 0.000000e+00
3.062500e+01 0.000000e+00
3.078125e+01 0.000000e+00
3.093750e+01 0.000000e+00
3.109375e+01 0.000000e+00
3.125000e+01 0.000000e+00
3.140625e+01 0.000000e+00
3.156250e+01 0.000000e+00
3.171875e+01 0.000000e+00
3.187500e+01 0.000000e+00
3.203125e+01 0.000000e+00
3.218750e+01 0.000000e+00
3.234375e+01 0.000000e+00
3.250000e+01 0.000000e+00
3.265625e+01 0.000000e+00
3.281250e+01 0.000000e+00
3.296875e+01 0.000000e+00
3.312500e+01 0.000000e+00
3.328125e+01 0.000000e+00
3.343750e+01 0.000000e+00
3.359375e+01 0.000000e+00
3.375000e+01 0.000000e+00
3.390625e+01 0.000000e+00
3.406250e+01 0.000000e+00
3.421875e+01 0.000000e+00
3.437500e+01 0.000000e+00
3.453125e+01 0.000000e+00
3.468750e+01 0.000000e+00
3.484375e+01 0.000000e+00
3.500000e+01 0.000000e+00
3.515625e+01 0.000000e+00
3.531250e+01 0.000000e+00
3.546875e+01 0.000000e+00
3.562500e+01 0.000000e+00
3.578125e+01 0.000000e+00
3.593750e+01 0.000000e+00
3.609375e+01 0.000000e+00
3.625000e+01 0.000000e+00
3.640625e+01 0.000000e+00
3.656250e+01 0.000000e+00
3.671875e+01 0.000000e+00
3.687500e+01 0.000000e+00
3.703125e+01 0.000000e+00
3.718750e+01 0.000000e+00
3.734375e+01 0.000000e+00
3.750000e+01 0.000000e+00
3.765625e+01 0.000000e+00
3.781250e+01 0.000000e+00
3.796875e+01 0.000000e+00
3.812500e+01 0.000000e+00
3.828125e+01 0.000000e+00
3.843750e+01 0.000000e+00
3.859375e+01 0.000000e+00
3.875000e+01 0.000000e+00
3.890625e+01 0.000000e+00
3.906250e+01 0.000000e+00
3.921875e+01 0.000000e+00
3.937500e+01 0.000000e+00
3.953125e+01 0.000000e+00
3.968750e+01 0.000000e+00
3.984375e+01 0.000000e+00
4.000000e+01 0.000000e+00
4.015625e+01 0.000000e+00
4.031250e+01 0.000000e+00
4.046875e+01 0.000000e+00
4.062500e+01 0.000000e+00
4.078125e+01 0.000000e+00
4.093750e+01 0.000000e+00
4.109375e+01 0.000000e+00
4.125000e+01 0.000000e+00
4.140625e+01 0.000000e+00
4.156250e+01 0.000000e+00
4.171875e+01 0.000000e+00
4.187500e+01 0.000000e+00
4.203125e+01 0.000000e+00
4.218750e+01 0.000000e+00
4.234375e+01 0.000000e+00
4.250000e+01 0.000000e+00
4.265625e+01 0.000000e+00
4.281250e+01 0.000000e+00
4.296875e+01 0.000000e+00
4.312500e+01 0.000000e+00
4.328125e+01 0.000000e+00
4.343750e+01 0.000000e+00
4.359375e+01 0.000000e+00
4.375000e+01 0.000000e+00
4.390625e+01 0.000000e+00
4.406250e+01 0.000000e+00
4.421875e+01 0.000000e+00
4.437500e+01 0.000000e+00
4.453125e+01 0.000000e+00
4.468750e+01 0.000000e+00
4.484375e+01 0.000000e+00
4.500000e+01 0.000000e+00
4.515625e+01 0.000000e+00
4.531250e+01 0.000000e+00
4.546875e+01 0.000000e+00
4.562500e+01 0.000000e+00
4.578125e+01 0.000000e+00
4.593750e+01 0.000000e+00
4.609375e+01 0.000000e+00
4.625000e+01 0.000000e+00
4.640625e+01 0.000000e+00
4.656250e+01 0.000000e+00
4.671875e+01 0.000000e+00
4.687500e+01 0.000000e+00
4.703125e+01 0.000000e+00
4.718750e+01 0.000000e+00
4.734375e+01 0.000000e+00
4.750000e+01 0.000000e+00
4.765625e+01 0.000000e+00
4.781250e+01 0.000000e+00
4.796875e+01 0.000000e+00
4.812500e+01 0.000000e+00
4.828125e+01 0.000000e+00
4.843750e+01 0.000000e+00
4.859375e+01 0.000000e+00
4.875000e+01 0.000000e+00
4.890625e+01 0.000000e+00
4.906250e+01 0.000000e+00
4.921875e+01 0.000000e+00
4.937500e+01 0.000000e+00
4.953125e+01 0.000000e+00
4.968750e+01 0.000000e+00
4.984375e+01 0.000000e+00
5.000000e+01 0.000000e+00
5.015625e+01 0.000000e+00
5.031250e+01 0.000000e+00
5.046875e+01 0.000000e+00
5.062500e+01 0.000000e+00
5.078125e+01 0.000000e+00
5.093750e+01 0.000000e+00
5.109375e+01 0.000000e+00
5.125000e+01 0.000000e+00
5.140625e+01 0.000000e+00
5.156250e+01 0.000000e+00
5.171875e+01 0.000000e+00
5.187500e+01 0.000000e+00
5.203125e+01 0.000000e+00
5.218750e+01 0.000000e+00
5.234375e+01 0.000000e+00
5.250000e+01 0.000000e+00
5.265625e+01 0.000000e+00
5.281250e+01 0.000000e+00
5.296875e+01 0.000000e+00
5.312500e+01 0.000000e+00
5.328125e+01 0.000000e+00
5.343750e+01 0.000000e+00
5.359375e+01 0.000000e+00
5.375000e+01 0.000000e+00
5.390625e+01 0.000000e+00
5.406250e+01 0.000000e+00
5.421875e+01 0.000000e+00
5.437500e+01 0.000000e+00
5.453125e+01 0.000000e+00
5.468750e+01 0.000000e+00
5.484375e+01 0.000000e+00
5.500000e+01 0.000000e+00
5.515625e+01 0.000000e+00
5.531250e+01 0.000000e+00
5.546875e+01 0.000000e+00
5.562500e+01 0.000000e+00
5.578125e+01 0.000000e+00
5.593750e+01 0.000000e+00
5.609375e+01 0.000000e+00
5.625000e+01 0.000000e+00
5.640625e+01 0.000000e+00
5.656250e+01 0.000000e+00
5.671875e+01 0.000000e+00
5.687500e+01 0.000000e+00
5.703125e+01 0.000000e+00
5.718750e+01 0.000000e+00
5.734375e+01 0.000000e+00
5.750000e+01 0.000000e+00
5.765625e+01 0.000000e+00
5.781250e+01 0.000000e+00
5.796875e+01 0.000000e+00
5.812500e+01 0.000000e+00
5.828125e+01 0.000000e+00
5.843750e+01 0.000000e+00
5.859375e+01 0.000000e+00
5.875000e+01 0.000000e+00
5.890625e+01 0.000000e+00
5.906250e+01 0.000000e+00
5.921875e+01 0.000000e+00
5.937500e+01 0.000000e+00
5.953125e+01 0.000000e+00
5.968750e+01 0.000000e+00
5.984375e+01 0.000000e+00
6.000000e+01 0.000000e+00
6.015625e+01 0.000000e+00
6.031250e+01 0.000000e+00
6.046875e+01 0.000000e+00
6.062500e+01 0.000000e+00
6.078125e+01 0.000000e+00
6.093750e+01 0.000000e+00
6.109375e+01 0.000000e+00
6.125000e+01 0.000000e+00
6.140625e+01 0.000000e+00
6.156250e+01 0.000000e+00
6.171875e+01 0.000000e+00
6.187500e+01 0.000000e+00
6.203125e+01 0.000000e+00
6.218750e+01 0.000000e+00
6.234375e+01 0.000000e+00
6.250000e+01 0.000000e+00
6.265625e+01 0.000000e+00
6.281250e+01 0.000000e+00
6.296875e+01 0.000000e+00
6.312500e+01 0.000000e+00
6.328125e+01 0.000000e+00
6.343750e+01 0.000000e+00
6.359375e+01 0.000000e+00
6.375000e+01 0.000000e+00
6.390625e+01 0.000000e+00
6.406250e+01 0.000000e+00
6.421875e+01 0.000000e+00
6.437500e+01 0.000000e+00
6.453125e+01 0.000000e+00
6.468750e+01 0.000000e+00
6.484375e+01 0.000000e+00
6.500000e+01 0.000000e+00
6.515625e+01 0.000000e+00
6.531250e+01 0.000000e+00
6.546875e+01 0.000000e+00
6.562500e+01 0.000000e+00
6.578125e+01 0.000000e+00
6.593750e+01 0.000000e+00
6.609375e+01 0.000000e+00
6.625000e+01 0.000000e+00
6.640625e+01 0.000000e+00
6.656250e+01 0.000000e+00
6.671875e+01 0.000000e+00
6.687500e+01 0.000000e+00
6.703125e+01 0.000000e+00
6.718750e+01 0.000000e+00
6.734375e+01 0.000000e+00
6.750000e+01 0.000000e+00
6.765625e+01 0.000000e+00
6.781250e+01 0.000000e+00
6.796875e+01 0.000000e+00
6.812500e+01 0.000000e+00
6.828125e+01 0.000000e+00
6.843750e+01 0.000000e+00
6.859375e+01 0.000000e+00
6.875000e+01 0.000000e+00
6.890625e+01 0.000000e+00
6.906250e+01 0.000000e+00
6.921875e+01 0.000000e+00
6.937500e+01 0.000000e+00
6.953125e+01 0.000000e+00
6.968750e+01 0.000000e+00
6.984375e+01 0.000000e+00
7.000000e+01 0.000000e+00
7.015625e+01 0.000000e+00
7.031250e+01 0.000000e+00
7.046875e+01 0.000000e+00
7.062500e+01 0.000000e+00
7.078125e+01 0.000000e+00
7.093750e+01 0.000000e+00
7.109375e+01 0.000000e+00
7.125000e+01 0.000000e+00
7.140625e+01 0.000000e+00
7.156250e+01 0.000000e+00
7.171875e+01 0.000000e+00
7.187500e+01 0.000000e+00
7.203125e+01 0.000000e+00
7.218750e+01 0.000000e+00
7.234375e+01 0.000000e+00
7.250000e+01 0.000000e+00
7.265625e+01 0.000000e+00
7.281250e+01 0.000000e+00
7.296875e+01 0.000000e+00
7.312500e+01 0.000000e+00
7.328125e+01 0.000000e+00
7.343750e+01 0.000000e+00
7.359375e+01 0.000000e+00
7.375000e+01 0.000000e+00
7.390625e+01 0.000000e+00
7.406250e+01 0.000000e+00
7.421875e+01 0.000000e+00
7.437500e+01 0.000000e+00
7.453125e+01 0.000000e+00
7.468750e+01 0.000000e+00
7.484375e+01 0.000000e+00
7.500000e+01 0.000000e+00
7.515625e+01 0.000000e+00
7.531250e+01 0.000000e+00
7.546875e+01 0.000000e+00
7.562500e+01 0.000000e+00
7.578125e+01 0.000000e+00
7.593750e+01 0.000000e+00
7.609375e+01 0.000000e+00
7.625000e+01 0.000000e+00
7.640625e+01 0.000000e+00
7.656250e+01 0.000000e+00
7.671875e+01 0.000000e+00
7.687500e+01 0.000000e+00
7.703125e+01 0.000000e+00
7.718750e+01 0.000000e+00
7.734375e+01 0.000000e+00
7.750000e+01 0.000000e+00
7.765625e+01 0.000000e+00
7.781250e+01 0.000000e+00
7.796875e+01 0.000000e+00
7.812500e+01 0.000000e+00
7.828125e+01 0.000000e+00
7.843750e+01 0.000000e+00
7.859375e+01 0.000000e+00
7.875000e+01 0.000000e+00
7.890625e+01 0.000000e+00
7.906250e+01 0.000000e+00
7.921875e+01 0.000000e+00
7.937500e+01 0.000000e+00
7.953125e+01 0.000000e+00
7.968750e+01 0.000000e+00
7.984375e+01 0.000000e+00
