# x[h^-1_cMpc]  F_mean
0.000000e+00 9.938219e-02
1.562500e-01 7.505946e-02
3.125000e-01 5.940574e-02
4.687500e-01 4.938124e-02
6.250000e-01 3.963540e-02
7.812500e-01 3.312089e-02
9.375000e-01 2.758648e-02
1.093750e+00 2.402444e-02
1.250000e+00 2.009884e-02
1.406250e+00 1.670349e-02
1.562500e+00 1.463606e-02
1.718750e+00 1.270027e-02
1.875000e+00 1.155471e-02
2.031250e+00 9.934407e-03
2.187500e+00 8.021109e-03
2.343750e+00 6.618907e-03
2.500000e+00 5.611276e-03
2.656250e+00 4.532709e-03
2.812500e+00 3.905128e-03
2.968750e+00 3.431346e-03
3.125000e+00 3.025309e-03
3.281250e+00 2.719150e-03
3.437500e+00 2.414023e-03
3.593750e+00 2.027183e-03
3.750000e+00 1.787477e-03
3.906250e+00 1.552576e-03
4.062500e+00 1.325091e-03
4.218750e+00 1.090975e-03
4.375000e+00 8.828249e-04
4.531250e+00 7.565658e-04
4.687500e+00 6.869723e-04
4.843750e+00 6.032608e-04
5.000000e+00 4.886071e-04
5.156250e+00 4.390320e-04
5.312500e+00 3.954727e-04
5.468750e+00 3.452578e-04
5.625000e+00 3.022862e-04
5.781250e+00 2.725732e-04
5.937500e+00 2.507980e-04
6.093750e+00 2.354196e-04
6.250000e+00 2.248276e-04
6.406250e+00 2.049461e-04
6.562500e+00 1.852515e-04
6.718750e+00 1.765089e-04
6.875000e+00 1.679085e-04
7.031250e+00 1.605799e-04
7.187500e+00 1.496287e-04
7.343750e+00 1.422264e-04
7.500000e+00 1.165509e-04
7.656250e+00 1.053185e-04
7.812500e+00 8.892334e-05
7.968750e+00 5.707395e-05
8.125000e+00 3.315124e-05
8.281250e+00 2.923119e-05
8.437500e+00 1.889492e-05
8.593750e+00 1.561477e-05
8.750000e+00 1.360001e-05
8.906250e+00 1.238896e-05
9.062500e+00 1.095531e-05
9.218750e+00 9.968512e-06
9.375000e+00 9.520533e-06
9.531250e+00 8.866293e-06
9.687500e+00 8.467589e-06
9.843750e+00 7.690419e-06
1.000000e+01 6.392372e-06
1.015625e+01 5.974843e-06
1.031250e+01 5.300421e-06
1.046875e+01 3.970749e-06
1.062500e+01 3.059650e-06
1.078125e+01 1.666707e-06
1.093750e+01 1.257829e-06
1.109375e+01 9.723040e-07
1.125000e+01 7.391969e-07
1.140625e+01 4.954126e-07
1.156250e+01 3.387676e-07
1.171875e+01 3.046795e-07
1.187500e+01 2.772286e-07
1.203125e+01 1.972912e-07
1.218750e+01 1.401547e-07
1.234375e+01 1.163039e-07
1.250000e+01 1.006057e-07
1.265625e+01 9.175478e-08
1.281250e+01 8.556523e-08
1.296875e+01 8.029980e-08
1.312500e+01 6.589357e-08
1.328125e+01 4.854086e-08
1.343750e+01 4.088711e-08
1.359375e+01 2.659745e-09
1.375000e+01 1.749346e-09
1.390625e+01 1.101659e-09
1.406250e+01 7.781423e-10
1.421875e+01 6.174463e-10
1.437500e+01 5.089690e-10
1.453125e+01 4.961310e-10
1.468750e+01 4.748229e-10
1.484375e+01 4.228708e-10
1.500000e+01 4.180347e-10
1.515625e+01 4.115512e-10
1.531250e+01 3.729050e-10
1.546875e+01 3.103524e-10
1.562500e+01 3.019691e-10
1.578125e+01 2.927403e-10
1.593750e+01 2.268788e-10
1.609375e+01 1.992141e-10
1.625000e+01 1.708295e-10
1.640625e+01 8.754792e-11
1.656250e+01 1.766232e-11
1.671875e+01 3.118890e-14
1.687500e+01 1.911621e-14
1.703125e+01 1.885326e-14
1.718750e+01 1.824776e-14
1.734375e+01 1.758532e-14
1.750000e+01 1.745736e-14
1.765625e+01 1.735245e-14
1.781250e+01 1.710810e-14
1.796875e+01 1.690770e-14
1.812500e+01 1.673053e-14
1.828125e+01 1.603466e-14
1.843750e+01 1.342588e-14
1.859375e+01 1.050266e-14
1.875000e+01 9.147973e-15
1.890625e+01 7.402328e-15
1.906250e+01 5.947908e-15
1.921875e+01 2.522182e-15
1.937500e+01 2.786140e-16
1.953125e+01 2.068422e-16
1.968750e+01 1.259903e-16
1.984375e+01 9.123527e-17
2.000000e+01 7.476253e-17
2.015625e+01 6.340328e-17
2.031250e+01 6.067585e-17
2.046875e+01 5.821287e-17
2.062500e+01 5.596351e-17
2.078125e+01 5.152819e-17
2.093750e+01 5.051326e-17
2.109375e+01 5.010902e-17
2.125000e+01 4.910736e-17
2.140625e+01 4.695749e-17
2.156250e+01 8.031998e-18
2.171875e+01 6.898109e-18
2.187500e+01 6.243255e-18
2.203125e+01 6.103119e-18
2.218750e+01 5.998184e-18
2.234375e+01 5.884151e-18
2.250000e+01 5.806467e-18
2.265625e+01 5.618777e-18
2.281250e+01 4.108934e-18
2.296875e+01 2.293475e-18
2.312500e+01 1.554266e-18
2.328125e+01 1.274140e-18
2.343750e+01 6.874060e-19
2.359375e+01 7.151625e-20
2.375000e+01 1.305285e-20
2.390625e+01 8.595803e-23
2.406250e+01 2.061907e-39
2.421875e+01 4.907945e-45
2.437500e+01 4.883943e-45
2.453125e+01 4.840800e-45
2.468750e+01 4.643802e-45
2.484375e+01 4.520293e-45
2.500000e+01 4.396671e-45
2.515625e+01 4.167624e-45
2.531250e+01 4.099975e-45
2.546875e+01 4.018328e-45
2.562500e+01 3.998056e-45
2.578125e+01 3.992409e-45
2.593750e+01 3.974713e-45
2.609375e+01 3.008685e-45
2.625000e+01 2.250306e-45
2.640625e+01 1.695369e-45
2.656250e+01 1.586961e-45
2.671875e+01 1.556513e-45
2.687500e+01 1.512440e-45
2.703125e+01 1.471034e-45
2.718750e+01 1.419111e-45
2.734375e+01 1.377471e-45
2.750000e+01 1.208187e-45
2.765625e+01 1.072676e-45
2.781250e+01 1.018778e-45
2.796875e+01 9.811901e-46
2.812500e+01 8.377257e-46
2.828125e+01 7.146599e-46
2.843750e+01 6.747935e-46
2.859375e+01 6.137535e-46
2.875000e+01 1.244361e-47
2.890625e+01 9.910595e-48
2.906250e+01 9.406249e-48
2.921875e+01 9.136129e-48
2.937500e+01 8.545643e-48
2.953125e+01 8.040696e-48
2.968750e+01 7.398874e-48
2.984375e+01 7.013918e-48
3.000000e+01 6.585511e-48
3.015625e+01 4.914279e-48
3.031250e+01 3.364215e-48
3.046875e+01 3.046054e-48
3.062500e+01 2.979401e-48
3.078125e+01 2.914055e-48
3.093750e+01 2.704654e-48
3.109375e+01 2.397972e-48
3.125000e+01 2.024496e-48
3.140625e+01 1.941615e-48
3.156250e+01 1.757295e-48
3.171875e+01 1.335017e-48
3.187500e+01 4.330229e-49
3.203125e+01 4.137075e-49
3.218750e+01 2.892920e-50
3.234375e+01 7.312116e-54
3.250000e+01 4.148285e-57
3.265625e+01 2.097223e-66
3.281250e+01 1.730424e-143
3.296875e+01 5.595410e-208
3.312500e+01 4.517086e-208
3.328125e+01 3.960541e-208
3.343750e+01 3.893631e-208
3.359375e+01 3.843796e-208
3.375000e+01 3.680965e-208
3.390625e+01 3.468453e-208
3.406250e+01 3.355305e-208
3.421875e+01 2.568857e-208
3.437500e+01 2.007047e-210
3.453125e+01 1.345778e-210
3.468750e+01 1.035651e-210
3.484375e+01 9.470321e-211
3.500000e+01 9.006100e-211
3.515625e+01 8.742348e-211
3.531250e+01 8.521798e-211
3.546875e+01 8.149745e-211
3.562500e+01 7.934647e-211
3.578125e+01 7.487758e-211
3.593750e+01 6.738216e-211
3.609375e+01 5.584231e-211
3.625000e+01 3.102313e-211
3.640625e+01 2.600438e-211
3.656250e+01 2.472259e-211
3.671875e+01 2.292907e-211
3.687500e+01 1.626866e-211
3.703125e+01 1.396778e-211
3.718750e+01 1.267347e-211
3.734375e+01 1.161212e-211
3.750000e+01 1.126020e-211
3.765625e+01 1.113383e-211
3.781250e+01 1.076939e-211
3.796875e+01 1.015044e-211
3.812500e+01 8.952468e-212
3.828125e+01 3.659032e-212
3.843750e+01 2.644033e-212
3.859375e+01 1.606631e-212
3.875000e+01 1.335216e-212
3.890625e+01 1.191049e-212
3.906250e+01 1.152781e-212
3.921875e+01 1.088244e-212
3.937500e+01 1.060021e-212
3.953125e+01 1.029605e-212
3.968750e+01 9.671384e-213
3.984375e+01 6.994659e-213
4.000000e+01 1.558753e-221
4.015625e+01 4.051247e-231
4.031250e+01 1.614838e-235
4.046875e+01 1.075505e-259
4.062500e+01 0.000000e+00
4.078125e+01 0.000000e+00
4.093750e+01 0.000000e+00
4.109375e+01 0.000000e+00
4.125000e+01 0.000000e+00
4.140625e+01 0.000000e+00
4.156250e+01 0.000000e+00
4.171875e+01 0.000000e+00
4.187500e+01 0.000000e+00
4.203125e+01 0.000000e+00
4.218750e+01 0.000000e+00
4.234375e+01 0.000000e+00
4.250000e+01 0.000000e+00
4.265625e+01 0.000000e+00
4.281250e+01 0.000000e+00
4.296875e+01 0.000000e+00
4.312500e+01 0.000000e+00
4.328125e+01 0.000000e+00
4.343750e+01 0.000000e+00
4.359375e+01 0.000000e+00
4.375000e+01 0.000000e+00
4.390625e+01 0.000000e+00
4.406250e+01 0.000000e+00
4.421875e+01 0.000000e+00
4.437500e+01 0.000000e+00
4.453125e+01 0.000000e+00
4.468750e+01 0.000000e+00
4.484375e+01 0.000000e+00
4.500000e+01 0.000000e+00
4.515625e+01 0.000000e+00
4.531250e+01 0.000000e+00
4.546875e+01 0.000000e+00
4.562500e+01 0.000000e+00
4.578125e+01 0.000000e+00
4.593750e+01 0.000000e+00
4.609375e+01 0.000000e+00
4.625000e+01 0.000000e+00
4.640625e+01 0.000000e+00
4.656250e+01 0.000000e+00
4.671875e+01 0.000000e+00
4.687500e+01 0.000000e+00
4.703125e+01 0.000000e+00
4.718750e+01 0.000000e+00
4.734375e+01 0.000000e+00
4.750000e+01 0.000000e+00
4.765625e+01 0.000000e+00
4.781250e+01 0.000000e+00
4.796875e+01 0.000000e+00
4.812500e+01 0.000000e+00
4.828125e+01 0.000000e+00
4.843750e+01 0.000000e+00
4.859375e+01 0.000000e+00
4.875000e+01 0.000000e+00
4.890625e+01 0.000000e+00
4.906250e+01 0.000000e+00
4.921875e+01 0.000000e+00
4.937500e+01 0.000000e+00
4.953125e+01 0.000000e+00
4.968750e+01 0.000000e+00
4.984375e+01 0.000000e+00
5.000000e+01 0.000000e+00
5.015625e+01 0.000000e+00
5.031250e+01 0.000000e+00
5.046875e+01 0.000000e+00
5.062500e+01 0.000000e+00
5.078125e+01 0.000000e+00
5.093750e+01 0.000000e+00
5.109375e+01 0.000000e+00
5.125000e+01 0.000000e+00
5.140625e+01 0.000000e+00
5.156250e+01 0.000000e+00
5.171875e+01 0.000000e+00
5.187500e+01 0.000000e+00
5.203125e+01 0.000000e+00
5.218750e+01 0.000000e+00
5.234375e+01 0.000000e+00
5.250000e+01 0.000000e+00
5.265625e+01 0.000000e+00
5.281250e+01 0.000000e+00
5.296875e+01 0.000000e+00
5.312500e+01 0.000000e+00
5.328125e+01 0.000000e+00
5.343750e+01 0.000000e+00
5.359375e+01 0.000000e+00
5.375000e+01 0.000000e+00
5.390625e+01 0.000000e+00
5.406250e+01 0.000000e+00
5.421875e+01 0.000000e+00
5.437500e+01 0.000000e+00
5.453125e+01 0.000000e+00
5.468750e+01 0.000000e+00
5.484375e+01 0.000000e+00
5.500000e+01 0.000000e+00
5.515625e+01 0.000000e+00
5.531250e+01 0.000000e+00
5.546875e+01 0.000000e+00
5.562500e+01 0.000000e+00
5.578125e+01 0.000000e+00
5.593750e+01 0.000000e+00
5.609375e+01 0.000000e+00
5.625000e+01 0.000000e+00
5.640625e+01 0.000000e+00
5.656250e+01 0.000000e+00
5.671875e+01 0.000000e+00
5.687500e+01 0.000000e+00
5.703125e+01 0.000000e+00
5.718750e+01 0.000000e+00
5.734375e+01 0.000000e+00
5.750000e+01 0.000000e+00
5.765625e+01 0.000000e+00
5.781250e+01 0.000000e+00
5.796875e+01 0.000000e+00
5.812500e+01 0.000000e+00
5.828125e+01 0.000000e+00
5.843750e+01 0.000000e+00
5.859375e+01 0.000000e+00
5.875000e+01 0.000000e+00
5.890625e+01 0.000000e+00
5.906250e+01 0.000000e+00
5.921875e+01 0.000000e+00
5.937500e+01 0.000000e+00
5.953125e+01 0.000000e+00
5.968750e+01 0.000000e+00
5.984375e+01 0.000000e+00
6.000000e+01 0.000000e+00
6.015625e+01 0.000000e+00
6.031250e+01 0.000000e+00
6.046875e+01 0.000000e+00
6.062500e+01 0.000000e+00
6.078125e+01 0.000000e+00
6.093750e+01 0.000000e+00
6.109375e+01 0.000000e+00
6.125000e+01 0.000000e+00
6.140625e+01 0.000000e+00
6.156250e+01 0.000000e+00
6.171875e+01 0.000000e+00
6.187500e+01 0.000000e+00
6.203125e+01 0.000000e+00
6.218750e+01 0.000000e+00
6.234375e+01 0.000000e+00
6.250000e+01 0.000000e+00
6.265625e+01 0.000000e+00
6.281250e+01 0.000000e+00
6.296875e+01 0.000000e+00
6.312500e+01 0.000000e+00
6.328125e+01 0.000000e+00
6.343750e+01 0.000000e+00
6.359375e+01 0.000000e+00
6.375000e+01 0.000000e+00
6.390625e+01 0.000000e+00
6.406250e+01 0.000000e+00
6.421875e+01 0.000000e+00
6.437500e+01 0.000000e+00
6.453125e+01 0.000000e+00
6.468750e+01 0.000000e+00
6.484375e+01 0.000000e+00
6.500000e+01 0.000000e+00
6.515625e+01 0.000000e+00
6.531250e+01 0.000000e+00
6.546875e+01 0.000000e+00
6.562500e+01 0.000000e+00
6.578125e+01 0.000000e+00
6.593750e+01 0.000000e+00
6.609375e+01 0.000000e+00
6.625000e+01 0.000000e+00
6.640625e+01 0.000000e+00
6.656250e+01 0.000000e+00
6.671875e+01 0.000000e+00
6.687500e+01 0.000000e+00
6.703125e+01 0.000000e+00
6.718750e+01 0.000000e+00
6.734375e+01 0.000000e+00
6.750000e+01 0.000000e+00
6.765625e+01 0.000000e+00
6.781250e+01 0.000000e+00
6.796875e+01 0.000000e+00
6.812500e+01 0.000000e+00
6.828125e+01 0.000000e+00
6.843750e+01 0.000000e+00
6.859375e+01 0.000000e+00
6.875000e+01 0.000000e+00
6.890625e+01 0.000000e+00
6.906250e+01 0.000000e+00
6.921875e+01 0.000000e+00
6.937500e+01 0.000000e+00
6.953125e+01 0.000000e+00
6.968750e+01 0.000000e+00
6.984375e+01 0.000000e+00
7.000000e+01 0.000000e+00
7.015625e+01 0.000000e+00
7.031250e+01 0.000000e+00
7.046875e+01 0.000000e+00
7.062500e+01 0.000000e+00
7.078125e+01 0.000000e+00
7.093750e+01 0.000000e+00
7.109375e+01 0.000000e+00
7.125000e+01 0.000000e+00
7.140625e+01 0.000000e+00
7.156250e+01 0.000000e+00
7.171875e+01 0.000000e+00
7.187500e+01 0.000000e+00
7.203125e+01 0.000000e+00
7.218750e+01 0.000000e+00
7.234375e+01 0.000000e+00
7.250000e+01 0.000000e+00
7.265625e+01 0.000000e+00
7.281250e+01 0.000000e+00
7.296875e+01 0.000000e+00
7.312500e+01 0.000000e+00
7.328125e+01 0.000000e+00
7.343750e+01 0.000000e+00
7.359375e+01 0.000000e+00
7.375000e+01 0.000000e+00
7.390625e+01 0.000000e+00
7.406250e+01 0.000000e+00
7.421875e+01 0.000000e+00
7.437500e+01 0.000000e+00
7.453125e+01 0.000000e+00
7.468750e+01 0.000000e+00
7.484375e+01 0.000000e+00
7.500000e+01 0.000000e+00
7.515625e+01 0.000000e+00
7.531250e+01 0.000000e+00
7.546875e+01 0.000000e+00
7.562500e+01 0.000000e+00
7.578125e+01 0.000000e+00
7.593750e+01 0.000000e+00
7.609375e+01 0.000000e+00
7.625000e+01 0.000000e+00
7.640625e+01 0.000000e+00
7.656250e+01 0.000000e+00
7.671875e+01 0.000000e+00
7.687500e+01 0.000000e+00
7.703125e+01 0.000000e+00
7.718750e+01 0.000000e+00
7.734375e+01 0.000000e+00
7.750000e+01 0.000000e+00
7.765625e+01 0.000000e+00
7.781250e+01 0.000000e+00
7.796875e+01 0.000000e+00
7.812500e+01 0.000000e+00
7.828125e+01 0.000000e+00
7.843750e+01 0.000000e+00
7.859375e+01 0.000000e+00
7.875000e+01 0.000000e+00
7.890625e+01 0.000000e+00
7.906250e+01 0.000000e+00
7.921875e+01 0.000000e+00
7.937500e+01 0.000000e+00
7.953125e+01 0.000000e+00
7.968750e+01 0.000000e+00
7.984375e+01 0.000000e+00
