# x[h^-1_cMpc]  F_mean
0.000000e+00 8.864310e-01
1.562500e-01 8.639182e-01
3.125000e-01 8.476400e-01
4.687500e-01 8.331658e-01
6.250000e-01 8.184848e-01
7.812500e-01 8.062976e-01
9.375000e-01 7.952333e-01
1.093750e+00 7.840617e-01
1.250000e+00 7.736385e-01
1.406250e+00 7.627963e-01
1.562500e+00 7.536748e-01
1.718750e+00 7.450037e-01
1.875000e+00 7.359657e-01
2.031250e+00 7.275324e-01
2.187500e+00 7.182104e-01
2.343750e+00 7.091962e-01
2.500000e+00 7.009746e-01
2.656250e+00 6.925576e-01
2.812500e+00 6.848238e-01
2.968750e+00 6.765247e-01
3.125000e+00 6.692687e-01
3.281250e+00 6.607660e-01
3.437500e+00 6.542105e-01
3.593750e+00 6.476057e-01
3.750000e+00 6.425489e-01
3.906250e+00 6.360308e-01
4.062500e+00 6.299858e-01
4.218750e+00 6.241489e-01
4.375000e+00 6.179639e-01
4.531250e+00 6.119349e-01
4.687500e+00 6.060177e-01
4.843750e+00 6.003273e-01
5.000000e+00 5.952032e-01
5.156250e+00 5.901783e-01
5.312500e+00 5.858037e-01
5.468750e+00 5.814529e-01
5.625000e+00 5.769770e-01
5.781250e+00 5.723486e-01
5.937500e+00 5.682575e-01
6.093750e+00 5.632028e-01
6.250000e+00 5.584617e-01
6.406250e+00 5.539442e-01
6.562500e+00 5.499485e-01
6.718750e+00 5.461459e-01
6.875000e+00 5.421821e-01
7.031250e+00 5.378592e-01
7.187500e+00 5.336817e-01
7.343750e+00 5.292389e-01
7.500000e+00 5.247901e-01
7.656250e+00 5.195439e-01
7.812500e+00 5.153042e-01
7.968750e+00 5.113582e-01
8.125000e+00 5.067581e-01
8.281250e+00 5.028671e-01
8.437500e+00 4.981477e-01
8.593750e+00 4.936733e-01
8.750000e+00 4.900625e-01
8.906250e+00 4.861317e-01
9.062500e+00 4.821371e-01
9.218750e+00 4.780011e-01
9.375000e+00 4.746311e-01
9.531250e+00 4.703536e-01
9.687500e+00 4.665199e-01
9.843750e+00 4.626619e-01
1.000000e+01 4.586032e-01
1.015625e+01 4.543560e-01
1.031250e+01 4.512465e-01
1.046875e+01 4.477787e-01
1.062500e+01 4.443419e-01
1.078125e+01 4.416658e-01
1.093750e+01 4.383030e-01
1.109375e+01 4.348669e-01
1.125000e+01 4.319687e-01
1.140625e+01 4.285495e-01
1.156250e+01 4.243297e-01
1.171875e+01 4.204773e-01
1.187500e+01 4.172857e-01
1.203125e+01 4.142937e-01
1.218750e+01 4.108562e-01
1.234375e+01 4.071793e-01
1.250000e+01 4.038140e-01
1.265625e+01 4.006705e-01
1.281250e+01 3.977667e-01
1.296875e+01 3.949306e-01
1.312500e+01 3.918016e-01
1.328125e+01 3.890031e-01
1.343750e+01 3.860360e-01
1.359375e+01 3.833233e-01
1.375000e+01 3.801355e-01
1.390625e+01 3.776978e-01
1.406250e+01 3.746674e-01
1.421875e+01 3.716580e-01
1.437500e+01 3.689898e-01
1.453125e+01 3.663147e-01
1.468750e+01 3.633961e-01
1.484375e+01 3.607711e-01
1.500000e+01 3.577779e-01
1.515625e+01 3.551882e-01
1.531250e+01 3.529130e-01
1.546875e+01 3.505076e-01
1.562500e+01 3.483822e-01
1.578125e+01 3.455462e-01
1.593750e+01 3.424916e-01
1.609375e+01 3.398292e-01
1.625000e+01 3.372302e-01
1.640625e+01 3.346825e-01
1.656250e+01 3.320297e-01
1.671875e+01 3.296838e-01
1.687500e+01 3.275255e-01
1.703125e+01 3.248881e-01
1.718750e+01 3.222846e-01
1.734375e+01 3.203479e-01
1.750000e+01 3.185817e-01
1.765625e+01 3.161312e-01
1.781250e+01 3.136389e-01
1.796875e+01 3.115415e-01
1.812500e+01 3.091918e-01
1.828125e+01 3.069562e-01
1.843750e+01 3.052515e-01
1.859375e+01 3.031815e-01
1.875000e+01 3.007361e-01
1.890625e+01 2.988133e-01
1.906250e+01 2.969153e-01
1.921875e+01 2.942792e-01
1.937500e+01 2.914612e-01
1.953125e+01 2.893976e-01
1.968750e+01 2.873565e-01
1.984375e+01 2.855481e-01
2.000000e+01 2.838122e-01
2.015625e+01 2.821835e-01
2.031250e+01 2.804114e-01
2.046875e+01 2.785321e-01
2.062500e+01 2.766343e-01
2.078125e+01 2.747128e-01
2.093750e+01 2.726619e-01
2.109375e+01 2.708591e-01
2.125000e+01 2.688138e-01
2.140625e+01 2.670314e-01
2.156250e+01 2.648327e-01
2.171875e+01 2.627000e-01
2.187500e+01 2.603248e-01
2.203125e+01 2.581859e-01
2.218750e+01 2.562200e-01
2.234375e+01 2.544498e-01
2.250000e+01 2.525934e-01
2.265625e+01 2.507044e-01
2.281250e+01 2.487590e-01
2.296875e+01 2.469928e-01
2.312500e+01 2.451002e-01
2.328125e+01 2.435666e-01
2.343750e+01 2.420300e-01
2.359375e+01 2.403416e-01
2.375000e+01 2.384221e-01
2.390625e+01 2.369449e-01
2.406250e+01 2.352108e-01
2.421875e+01 2.331663e-01
2.437500e+01 2.314474e-01
2.453125e+01 2.299441e-01
2.468750e+01 2.285463e-01
2.484375e+01 2.267326e-01
2.500000e+01 2.250061e-01
2.515625e+01 2.234112e-01
2.531250e+01 2.215915e-01
2.546875e+01 2.198713e-01
2.562500e+01 2.175963e-01
2.578125e+01 2.156211e-01
2.593750e+01 2.140922e-01
2.609375e+01 2.121861e-01
2.625000e+01 2.106427e-01
2.640625e+01 2.092287e-01
2.656250e+01 2.076950e-01
2.671875e+01 2.061480e-01
2.687500e+01 2.046409e-01
2.703125e+01 2.030631e-01
2.718750e+01 2.014302e-01
2.734375e+01 1.998571e-01
2.750000e+01 1.982060e-01
2.765625e+01 1.967830e-01
2.781250e+01 1.954354e-01
2.796875e+01 1.942767e-01
2.812500e+01 1.928441e-01
2.828125e+01 1.914307e-01
2.843750e+01 1.898904e-01
2.859375e+01 1.886201e-01
2.875000e+01 1.872554e-01
2.890625e+01 1.858409e-01
2.906250e+01 1.841004e-01
2.921875e+01 1.825388e-01
2.937500e+01 1.813270e-01
2.953125e+01 1.800919e-01
2.968750e+01 1.788560e-01
2.984375e+01 1.774787e-01
3.000000e+01 1.761169e-01
3.015625e+01 1.751404e-01
3.031250e+01 1.740105e-01
3.046875e+01 1.730498e-01
3.062500e+01 1.721923e-01
3.078125e+01 1.711131e-01
3.093750e+01 1.700981e-01
3.109375e+01 1.688850e-01
3.125000e+01 1.676182e-01
3.140625e+01 1.665090e-01
3.156250e+01 1.654328e-01
3.171875e+01 1.643919e-01
3.187500e+01 1.632459e-01
3.203125e+01 1.621306e-01
3.218750e+01 1.610118e-01
3.234375e+01 1.599561e-01
3.250000e+01 1.590071e-01
3.265625e+01 1.579012e-01
3.281250e+01 1.567822e-01
3.296875e+01 1.556346e-01
3.312500e+01 1.546553e-01
3.328125e+01 1.534545e-01
3.343750e+01 1.523171e-01
3.359375e+01 1.512697e-01
3.375000e+01 1.502528e-01
3.390625e+01 1.492847e-01
3.406250e+01 1.483104e-01
3.421875e+01 1.472604e-01
3.437500e+01 1.461854e-01
3.453125e+01 1.450158e-01
3.468750e+01 1.441934e-01
3.484375e+01 1.433873e-01
3.500000e+01 1.424103e-01
3.515625e+01 1.413235e-01
3.531250e+01 1.403295e-01
3.546875e+01 1.392384e-01
3.562500e+01 1.381577e-01
3.578125e+01 1.372021e-01
3.593750e+01 1.364719e-01
3.609375e+01 1.356583e-01
3.625000e+01 1.346388e-01
3.640625e+01 1.337174e-01
3.656250e+01 1.330167e-01
3.671875e+01 1.321399e-01
3.687500e+01 1.313235e-01
3.703125e+01 1.302209e-01
3.718750e+01 1.294012e-01
3.734375e+01 1.285440e-01
3.750000e+01 1.277068e-01
3.765625e+01 1.269851e-01
3.781250e+01 1.259969e-01
3.796875e+01 1.251762e-01
3.812500e+01 1.245139e-01
3.828125e+01 1.236265e-01
3.843750e+01 1.228101e-01
3.859375e+01 1.220400e-01
3.875000e+01 1.213502e-01
3.890625e+01 1.205787e-01
3.906250e+01 1.198151e-01
3.921875e+01 1.188808e-01
3.937500e+01 1.181220e-01
3.953125e+01 1.174715e-01
3.968750e+01 1.166633e-01
3.984375e+01 1.159089e-01
4.000000e+01 1.150818e-01
4.015625e+01 1.141649e-01
4.031250e+01 1.134242e-01
4.046875e+01 1.128160e-01
4.062500e+01 1.122266e-01
4.078125e+01 1.116681e-01
4.093750e+01 1.110847e-01
4.109375e+01 1.103804e-01
4.125000e+01 1.097338e-01
4.140625e+01 1.090082e-01
4.156250e+01 1.083861e-01
4.171875e+01 1.078685e-01
4.187500e+01 1.073260e-01
4.203125e+01 1.068094e-01
4.218750e+01 1.062098e-01
4.234375e+01 1.056006e-01
4.250000e+01 1.050056e-01
4.265625e+01 1.043051e-01
4.281250e+01 1.036746e-01
4.296875e+01 1.030021e-01
4.312500e+01 1.024210e-01
4.328125e+01 1.017557e-01
4.343750e+01 1.011832e-01
4.359375e+01 1.006534e-01
4.375000e+01 1.000128e-01
4.390625e+01 9.953462e-02
4.406250e+01 9.890010e-02
4.421875e+01 9.828309e-02
4.437500e+01 9.761478e-02
4.453125e+01 9.688910e-02
4.468750e+01 9.618053e-02
4.484375e+01 9.559375e-02
4.500000e+01 9.507911e-02
4.515625e+01 9.450873e-02
4.531250e+01 9.387390e-02
4.546875e+01 9.322322e-02
4.562500e+01 9.258713e-02
4.578125e+01 9.193253e-02
4.593750e+01 9.136321e-02
4.609375e+01 9.070019e-02
4.625000e+01 9.010149e-02
4.640625e+01 8.953923e-02
4.656250e+01 8.875330e-02
4.671875e+01 8.809941e-02
4.687500e+01 8.738424e-02
4.703125e+01 8.668105e-02
4.718750e+01 8.610386e-02
4.734375e+01 8.557712e-02
4.750000e+01 8.502612e-02
4.765625e+01 8.460110e-02
4.781250e+01 8.415530e-02
4.796875e+01 8.367085e-02
4.812500e+01 8.328084e-02
4.828125e+01 8.285999e-02
4.843750e+01 8.241346e-02
4.859375e+01 8.199394e-02
4.875000e+01 8.156786e-02
4.890625e+01 8.099486e-02
4.906250e+01 8.033772e-02
4.921875e+01 7.970069e-02
4.937500e+01 7.897013e-02
4.953125e+01 7.826213e-02
4.968750e+01 7.772038e-02
4.984375e+01 7.708830e-02
5.000000e+01 7.651727e-02
5.015625e+01 7.586266e-02
5.031250e+01 7.522566e-02
5.046875e+01 7.470950e-02
5.062500e+01 7.426622e-02
5.078125e+01 7.377595e-02
5.093750e+01 7.321272e-02
5.109375e+01 7.279480e-02
5.125000e+01 7.228479e-02
5.140625e+01 7.170685e-02
5.156250e+01 7.125292e-02
5.171875e+01 7.081329e-02
5.187500e+01 7.042863e-02
5.203125e+01 6.992457e-02
5.218750e+01 6.946871e-02
5.234375e+01 6.887903e-02
5.250000e+01 6.848622e-02
5.265625e+01 6.810898e-02
5.281250e+01 6.769047e-02
5.296875e+01 6.737134e-02
5.312500e+01 6.702021e-02
5.328125e+01 6.664124e-02
5.343750e+01 6.621837e-02
5.359375e+01 6.584241e-02
5.375000e+01 6.540166e-02
5.390625e+01 6.495202e-02
5.406250e+01 6.446480e-02
5.421875e+01 6.400313e-02
5.437500e+01 6.359433e-02
5.453125e+01 6.311974e-02
5.468750e+01 6.265505e-02
5.484375e+01 6.217256e-02
5.500000e+01 6.167132e-02
5.515625e+01 6.116336e-02
5.531250e+01 6.070536e-02
5.546875e+01 6.017487e-02
5.562500e+01 5.968866e-02
5.578125e+01 5.928235e-02
5.593750e+01 5.884082e-02
5.609375e+01 5.830618e-02
5.625000e+01 5.787579e-02
5.640625e+01 5.741205e-02
5.656250e+01 5.696629e-02
5.671875e+01 5.655056e-02
5.687500e+01 5.619589e-02
5.703125e+01 5.582908e-02
5.718750e+01 5.532418e-02
5.734375e+01 5.488214e-02
5.750000e+01 5.448513e-02
5.765625e+01 5.419053e-02
5.781250e+01 5.385739e-02
5.796875e+01 5.352320e-02
5.812500e+01 5.320694e-02
5.828125e+01 5.273226e-02
5.843750e+01 5.238630e-02
5.859375e+01 5.206827e-02
5.875000e+01 5.172522e-02
5.890625e+01 5.139373e-02
5.906250e+01 5.108785e-02
5.921875e+01 5.075163e-02
5.937500e+01 5.032787e-02
5.953125e+01 4.978583e-02
5.968750e+01 4.937602e-02
5.984375e+01 4.900719e-02
6.000000e+01 4.867319e-02
6.015625e+01 4.826191e-02
6.031250e+01 4.789259e-02
6.046875e+01 4.755101e-02
6.062500e+01 4.713433e-02
6.078125e+01 4.680200e-02
6.093750e+01 4.650982e-02
6.109375e+01 4.617563e-02
6.125000e+01 4.581599e-02
6.140625e+01 4.551271e-02
6.156250e+01 4.519824e-02
6.171875e+01 4.491460e-02
6.187500e+01 4.455125e-02
6.203125e+01 4.423862e-02
6.218750e+01 4.392172e-02
6.234375e+01 4.359872e-02
6.250000e+01 4.330385e-02
6.265625e+01 4.292859e-02
6.281250e+01 4.260057e-02
6.296875e+01 4.227678e-02
6.312500e+01 4.196072e-02
6.328125e+01 4.156002e-02
6.343750e+01 4.119855e-02
6.359375e+01 4.088267e-02
6.375000e+01 4.059717e-02
6.390625e+01 4.031731e-02
6.406250e+01 4.009989e-02
6.421875e+01 3.982871e-02
6.437500e+01 3.950793e-02
6.453125e+01 3.924479e-02
6.468750e+01 3.902168e-02
6.484375e+01 3.882191e-02
6.500000e+01 3.858392e-02
6.515625e+01 3.838670e-02
6.531250e+01 3.816390e-02
6.546875e+01 3.791273e-02
6.562500e+01 3.768091e-02
6.578125e+01 3.742560e-02
6.593750e+01 3.722618e-02
6.609375e+01 3.702181e-02
6.625000e+01 3.683330e-02
6.640625e+01 3.663620e-02
6.656250e+01 3.645753e-02
6.671875e+01 3.619447e-02
6.687500e+01 3.601152e-02
6.703125e+01 3.579126e-02
6.718750e+01 3.550791e-02
6.734375e+01 3.535136e-02
6.750000e+01 3.514365e-02
6.765625e+01 3.498546e-02
6.781250e+01 3.481923e-02
6.796875e+01 3.463607e-02
6.812500e+01 3.447248e-02
6.828125e+01 3.431537e-02
6.843750e+01 3.415478e-02
6.859375e+01 3.400602e-02
6.875000e+01 3.385981e-02
6.890625e+01 3.372725e-02
6.906250e+01 3.357574e-02
6.921875e+01 3.344574e-02
6.937500e+01 3.328828e-02
6.953125e+01 3.316787e-02
6.968750e+01 3.302676e-02
6.984375e+01 3.289401e-02
7.000000e+01 3.275203e-02
7.015625e+01 3.261325e-02
7.031250e+01 3.244369e-02
7.046875e+01 3.224929e-02
7.062500e+01 3.212594e-02
7.078125e+01 3.195342e-02
7.093750e+01 3.173099e-02
7.109375e+01 3.160094e-02
7.125000e+01 3.144614e-02
7.140625e+01 3.132131e-02
7.156250e+01 3.114239e-02
7.171875e+01 3.094519e-02
7.187500e+01 3.074332e-02
7.203125e+01 3.059777e-02
7.218750e+01 3.046361e-02
7.234375e+01 3.034582e-02
7.250000e+01 3.022758e-02
7.265625e+01 3.007382e-02
7.281250e+01 2.992411e-02
7.296875e+01 2.972692e-02
7.312500e+01 2.960314e-02
7.328125e+01 2.940886e-02
7.343750e+01 2.926607e-02
7.359375e+01 2.911599e-02
7.375000e+01 2.895105e-02
7.390625e+01 2.883537e-02
7.406250e+01 2.864343e-02
7.421875e+01 2.845788e-02
7.437500e+01 2.825303e-02
7.453125e+01 2.810148e-02
7.468750e+01 2.789589e-02
7.484375e+01 2.769308e-02
7.500000e+01 2.758901e-02
7.515625e+01 2.745689e-02
7.531250e+01 2.735451e-02
7.546875e+01 2.721737e-02
7.562500e+01 2.709479e-02
7.578125e+01 2.685718e-02
7.593750e+01 2.670284e-02
7.609375e+01 2.653678e-02
7.625000e+01 2.639038e-02
7.640625e+01 2.626997e-02
7.656250e+01 2.609729e-02
7.671875e+01 2.592550e-02
7.687500e+01 2.581155e-02
7.703125e+01 2.567742e-02
7.718750e+01 2.556258e-02
7.734375e+01 2.543975e-02
7.750000e+01 2.528059e-02
7.765625e+01 2.509432e-02
7.781250e+01 2.490345e-02
7.796875e+01 2.478816e-02
7.812500e+01 2.464732e-02
7.828125e+01 2.449579e-02
7.843750e+01 2.438465e-02
7.859375e+01 2.423964e-02
7.875000e+01 2.408943e-02
7.890625e+01 2.394581e-02
7.906250e+01 2.376896e-02
7.921875e+01 2.361458e-02
7.937500e+01 2.346003e-02
7.953125e+01 2.328076e-02
7.968750e+01 2.309355e-02
7.984375e+01 2.292079e-02
