# x[h^-1_cMpc]  F_mean
0.000000e+00 6.953900e-02
1.562500e-01 5.021608e-02
3.125000e-01 3.996151e-02
4.687500e-01 3.340032e-02
6.250000e-01 2.750485e-02
7.812500e-01 2.230478e-02
9.375000e-01 1.961696e-02
1.093750e+00 1.721137e-02
1.250000e+00 1.392385e-02
1.406250e+00 1.168956e-02
1.562500e+00 1.001975e-02
1.718750e+00 8.923935e-03
1.875000e+00 7.962455e-03
2.031250e+00 7.092109e-03
2.187500e+00 6.135644e-03
2.343750e+00 5.451509e-03
2.500000e+00 4.917762e-03
2.656250e+00 4.327858e-03
2.812500e+00 3.549323e-03
2.968750e+00 3.353929e-03
3.125000e+00 2.810460e-03
3.281250e+00 2.447101e-03
3.437500e+00 2.082362e-03
3.593750e+00 1.866093e-03
3.750000e+00 1.593480e-03
3.906250e+00 1.197066e-03
4.062500e+00 9.825759e-04
4.218750e+00 8.629637e-04
4.375000e+00 7.661520e-04
4.531250e+00 6.993554e-04
4.687500e+00 6.062477e-04
4.843750e+00 5.479353e-04
5.000000e+00 4.907028e-04
5.156250e+00 4.261061e-04
5.312500e+00 3.475459e-04
5.468750e+00 3.303834e-04
5.625000e+00 2.880454e-04
5.781250e+00 2.708299e-04
5.937500e+00 2.454750e-04
6.093750e+00 2.323744e-04
6.250000e+00 2.093115e-04
6.406250e+00 1.909326e-04
6.562500e+00 1.743269e-04
6.718750e+00 1.635843e-04
6.875000e+00 1.063195e-04
7.031250e+00 7.054926e-05
7.187500e+00 6.204454e-05
7.343750e+00 5.841900e-05
7.500000e+00 5.464734e-05
7.656250e+00 4.979938e-05
7.812500e+00 4.626200e-05
7.968750e+00 3.999249e-05
8.125000e+00 3.771911e-05
8.281250e+00 3.576466e-05
8.437500e+00 3.425421e-05
8.593750e+00 3.169517e-05
8.750000e+00 3.011918e-05
8.906250e+00 2.841257e-05
9.062500e+00 2.386629e-06
9.218750e+00 1.857000e-06
9.375000e+00 1.311528e-06
9.531250e+00 5.823018e-07
9.687500e+00 5.442832e-07
9.843750e+00 4.958651e-07
1.000000e+01 4.024777e-07
1.015625e+01 3.088594e-07
1.031250e+01 2.509557e-07
1.046875e+01 1.541056e-07
1.062500e+01 1.052708e-07
1.078125e+01 8.729397e-08
1.093750e+01 7.306768e-08
1.109375e+01 6.228345e-08
1.125000e+01 4.096788e-08
1.140625e+01 3.795883e-08
1.156250e+01 3.251371e-08
1.171875e+01 2.419597e-08
1.187500e+01 1.806644e-08
1.203125e+01 1.346562e-08
1.218750e+01 7.526496e-09
1.234375e+01 3.986285e-09
1.250000e+01 1.142942e-09
1.265625e+01 1.374009e-15
1.281250e+01 1.339041e-23
1.296875e+01 2.903923e-39
1.312500e+01 2.252074e-39
1.328125e+01 6.881830e-40
1.343750e+01 4.702085e-40
1.359375e+01 3.938106e-40
1.375000e+01 3.614772e-40
1.390625e+01 3.057079e-40
1.406250e+01 2.232769e-40
1.421875e+01 1.588273e-40
1.437500e+01 8.600012e-41
1.453125e+01 6.838303e-42
1.468750e+01 6.930079e-44
1.484375e+01 1.237276e-44
1.500000e+01 6.803946e-45
1.515625e+01 5.097703e-45
1.531250e+01 3.164546e-45
1.546875e+01 3.353117e-48
1.562500e+01 1.075709e-50
1.578125e+01 3.297374e-74
1.593750e+01 2.725691e-107
1.609375e+01 2.197261e-107
1.625000e+01 1.959897e-107
1.640625e+01 1.643326e-107
1.656250e+01 1.277972e-107
1.671875e+01 2.467056e-132
1.687500e+01 1.067442e-138
1.703125e+01 1.903114e-143
1.718750e+01 1.510555e-143
1.734375e+01 1.361217e-143
1.750000e+01 1.190089e-143
1.765625e+01 9.872841e-144
1.781250e+01 4.650155e-144
1.796875e+01 3.644673e-144
1.812500e+01 8.777518e-145
1.828125e+01 2.214880e-146
1.843750e+01 2.035971e-146
1.859375e+01 1.773332e-146
1.875000e+01 1.440772e-146
1.890625e+01 9.234291e-151
1.906250e+01 7.811632e-151
1.921875e+01 2.883774e-151
1.937500e+01 1.493188e-151
1.953125e+01 1.012749e-151
1.968750e+01 7.961357e-152
1.984375e+01 2.491765e-152
2.000000e+01 2.014254e-152
2.015625e+01 9.943418e-153
2.031250e+01 7.160188e-153
2.046875e+01 6.130451e-153
2.062500e+01 4.994832e-153
2.078125e+01 4.212314e-153
2.093750e+01 6.500403e-157
2.109375e+01 1.072572e-159
2.125000e+01 2.540423e-161
2.140625e+01 7.223695e-173
2.156250e+01 2.706112e-207
2.171875e+01 1.600951e-262
2.187500e+01 0.000000e+00
2.203125e+01 0.000000e+00
2.218750e+01 0.000000e+00
2.234375e+01 0.000000e+00
2.250000e+01 0.000000e+00
2.265625e+01 0.000000e+00
2.281250e+01 0.000000e+00
2.296875e+01 0.000000e+00
2.312500e+01 0.000000e+00
2.328125e+01 0.000000e+00
2.343750e+01 0.000000e+00
2.359375e+01 0.000000e+00
2.375000e+01 0.000000e+00
2.390625e+01 0.000000e+00
2.406250e+01 0.000000e+00
2.421875e+01 0.000000e+00
2.437500e+01 0.000000e+00
2.453125e+01 0.000000e+00
2.468750e+01 0.000000e+00
2.484375e+01 0.000000e+00
2.500000e+01 0.000000e+00
2.515625e+01 0.000000e+00
2.531250e+01 0.000000e+00
2.546875e+01 0.000000e+00
2.562500e+01 0.000000e+00
2.578125e+01 0.000000e+00
2.593750e+01 0.000000e+00
2.609375e+01 0.000000e+00
2.625000e+01 0.000000e+00
2.640625e+01 0.000000e+00
2.656250e+01 0.000000e+00
2.671875e+01 0.000000e+00
2.687500e+01 0.000000e+00
2.703125e+01 0.000000e+00
2.718750e+01 0.000000e+00
2.734375e+01 0.000000e+00
2.750000e+01 0.000000e+00
2.765625e+01 0.000000e+00
2.781250e+01 0.000000e+00
2.796875e+01 0.000000e+00
2.812500e+01 0.000000e+00
2.828125e+01 0.000000e+00
2.843750e+01 0.000000e+00
2.859375e+01 0.000000e+00
2.875000e+01 0.000000e+00
2.890625e+01 0.000000e+00
2.906250e+01 0.000000e+00
2.921875e+01 0.000000e+00
2.937500e+01 0.000000e+00
2.953125e+01 0.000000e+00
2.968750e+01 0.000000e+00
2.984375e+01 0.000000e+00
3.000000e+01 0.000000e+00
3.015625e+01 0.000000e+00
3.031250e+01 0.000000e+00
3.046875e+01 0.000000e+00
3.062500e+01 0.000000e+00
3.078125e+01 0.000000e+00
3.093750e+01 0.000000e+00
3.109375e+01 0.000000e+00
3.125000e+01 0.000000e+00
3.140625e+01 0.000000e+00
3.156250e+01 0.000000e+00
3.171875e+01 0.000000e+00
3.187500e+01 0.000000e+00
3.203125e+01 0.000000e+00
3.218750e+01 0.000000e+00
3.234375e+01 0.000000e+00
3.250000e+01 0.000000e+00
3.265625e+01 0.000000e+00
3.281250e+01 0.000000e+00
3.296875e+01 0.000000e+00
3.312500e+01 0.000000e+00
3.328125e+01 0.000000e+00
3.343750e+01 0.000000e+00
3.359375e+01 0.000000e+00
3.375000e+01 0.000000e+00
3.390625e+01 0.000000e+00
3.406250e+01 0.000000e+00
3.421875e+01 0.000000e+00
3.437500e+01 0.000000e+00
3.453125e+01 0.000000e+00
3.468750e+01 0.000000e+00
3.484375e+01 0.000000e+00
3.500000e+01 0.000000e+00
3.515625e+01 0.000000e+00
3.531250e+01 0.000000e+00
3.546875e+01 0.000000e+00
3.562500e+01 0.000000e+00
3.578125e+01 0.000000e+00
3.593750e+01 0.000000e+00
3.609375e+01 0.000000e+00
3.625000e+01 0.000000e+00
3.640625e+01 0.000000e+00
3.656250e+01 0.000000e+00
3.671875e+01 0.000000e+00
3.687500e+01 0.000000e+00
3.703125e+01 0.000000e+00
3.718750e+01 0.000000e+00
3.734375e+01 0.000000e+00
3.750000e+01 0.000000e+00
3.765625e+01 0.000000e+00
3.781250e+01 0.000000e+00
3.796875e+01 0.000000e+00
3.812500e+01 0.000000e+00
3.828125e+01 0.000000e+00
3.843750e+01 0.000000e+00
3.859375e+01 0.000000e+00
3.875000e+01 0.000000e+00
3.890625e+01 0.000000e+00
3.906250e+01 0.000000e+00
3.921875e+01 0.000000e+00
3.937500e+01 0.000000e+00
3.953125e+01 0.000000e+00
3.968750e+01 0.000000e+00
3.984375e+01 0.000000e+00
4.000000e+01 0.000000e+00
4.015625e+01 0.000000e+00
4.031250e+01 0.000000e+00
4.046875e+01 0.000000e+00
4.062500e+01 0.000000e+00
4.078125e+01 0.000000e+00
4.093750e+01 0.000000e+00
4.109375e+01 0.000000e+00
4.125000e+01 0.000000e+00
4.140625e+01 0.000000e+00
4.156250e+01 0.000000e+00
4.171875e+01 0.000000e+00
4.187500e+01 0.000000e+00
4.203125e+01 0.000000e+00
4.218750e+01 0.000000e+00
4.234375e+01 0.000000e+00
4.250000e+01 0.000000e+00
4.265625e+01 0.000000e+00
4.281250e+01 0.000000e+00
4.296875e+01 0.000000e+00
4.312500e+01 0.000000e+00
4.328125e+01 0.000000e+00
4.343750e+01 0.000000e+00
4.359375e+01 0.000000e+00
4.375000e+01 0.000000e+00
4.390625e+01 0.000000e+00
4.406250e+01 0.000000e+00
4.421875e+01 0.000000e+00
4.437500e+01 0.000000e+00
4.453125e+01 0.000000e+00
4.468750e+01 0.000000e+00
4.484375e+01 0.000000e+00
4.500000e+01 0.000000e+00
4.515625e+01 0.000000e+00
4.531250e+01 0.000000e+00
4.546875e+01 0.000000e+00
4.562500e+01 0.000000e+00
4.578125e+01 0.000000e+00
4.593750e+01 0.000000e+00
4.609375e+01 0.000000e+00
4.625000e+01 0.000000e+00
4.640625e+01 0.000000e+00
4.656250e+01 0.000000e+00
4.671875e+01 0.000000e+00
4.687500e+01 0.000000e+00
4.703125e+01 0.000000e+00
4.718750e+01 0.000000e+00
4.734375e+01 0.000000e+00
4.750000e+01 0.000000e+00
4.765625e+01 0.000000e+00
4.781250e+01 0.000000e+00
4.796875e+01 0.000000e+00
4.812500e+01 0.000000e+00
4.828125e+01 0.000000e+00
4.843750e+01 0.000000e+00
4.859375e+01 0.000000e+00
4.875000e+01 0.000000e+00
4.890625e+01 0.000000e+00
4.906250e+01 0.000000e+00
4.921875e+01 0.000000e+00
4.937500e+01 0.000000e+00
4.953125e+01 0.000000e+00
4.968750e+01 0.000000e+00
4.984375e+01 0.000000e+00
5.000000e+01 0.000000e+00
5.015625e+01 0.000000e+00
5.031250e+01 0.000000e+00
5.046875e+01 0.000000e+00
5.062500e+01 0.000000e+00
5.078125e+01 0.000000e+00
5.093750e+01 0.000000e+00
5.109375e+01 0.000000e+00
5.125000e+01 0.000000e+00
5.140625e+01 0.000000e+00
5.156250e+01 0.000000e+00
5.171875e+01 0.000000e+00
5.187500e+01 0.000000e+00
5.203125e+01 0.000000e+00
5.218750e+01 0.000000e+00
5.234375e+01 0.000000e+00
5.250000e+01 0.000000e+00
5.265625e+01 0.000000e+00
5.281250e+01 0.000000e+00
5.296875e+01 0.000000e+00
5.312500e+01 0.000000e+00
5.328125e+01 0.000000e+00
5.343750e+01 0.000000e+00
5.359375e+01 0.000000e+00
5.375000e+01 0.000000e+00
5.390625e+01 0.000000e+00
5.406250e+01 0.000000e+00
5.421875e+01 0.000000e+00
5.437500e+01 0.000000e+00
5.453125e+01 0.000000e+00
5.468750e+01 0.000000e+00
5.484375e+01 0.000000e+00
5.500000e+01 0.000000e+00
5.515625e+01 0.000000e+00
5.531250e+01 0.000000e+00
5.546875e+01 0.000000e+00
5.562500e+01 0.000000e+00
5.578125e+01 0.000000e+00
5.593750e+01 0.000000e+00
5.609375e+01 0.000000e+00
5.625000e+01 0.000000e+00
5.640625e+01 0.000000e+00
5.656250e+01 0.000000e+00
5.671875e+01 0.000000e+00
5.687500e+01 0.000000e+00
5.703125e+01 0.000000e+00
5.718750e+01 0.000000e+00
5.734375e+01 0.000000e+00
5.750000e+01 0.000000e+00
5.765625e+01 0.000000e+00
5.781250e+01 0.000000e+00
5.796875e+01 0.000000e+00
5.812500e+01 0.000000e+00
5.828125e+01 0.000000e+00
5.843750e+01 0.000000e+00
5.859375e+01 0.000000e+00
5.875000e+01 0.000000e+00
5.890625e+01 0.000000e+00
5.906250e+01 0.000000e+00
5.921875e+01 0.000000e+00
5.937500e+01 0.000000e+00
5.953125e+01 0.000000e+00
5.968750e+01 0.000000e+00
5.984375e+01 0.000000e+00
6.000000e+01 0.000000e+00
6.015625e+01 0.000000e+00
6.031250e+01 0.000000e+00
6.046875e+01 0.000000e+00
6.062500e+01 0.000000e+00
6.078125e+01 0.000000e+00
6.093750e+01 0.000000e+00
6.109375e+01 0.000000e+00
6.125000e+01 0.000000e+00
6.140625e+01 0.000000e+00
6.156250e+01 0.000000e+00
6.171875e+01 0.000000e+00
6.187500e+01 0.000000e+00
6.203125e+01 0.000000e+00
6.218750e+01 0.000000e+00
6.234375e+01 0.000000e+00
6.250000e+01 0.000000e+00
6.265625e+01 0.000000e+00
6.281250e+01 0.000000e+00
6.296875e+01 0.000000e+00
6.312500e+01 0.000000e+00
6.328125e+01 0.000000e+00
6.343750e+01 0.000000e+00
6.359375e+01 0.000000e+00
6.375000e+01 0.000000e+00
6.390625e+01 0.000000e+00
6.406250e+01 0.000000e+00
6.421875e+01 0.000000e+00
6.437500e+01 0.000000e+00
6.453125e+01 0.000000e+00
6.468750e+01 0.000000e+00
6.484375e+01 0.000000e+00
6.500000e+01 0.000000e+00
6.515625e+01 0.000000e+00
6.531250e+01 0.000000e+00
6.546875e+01 0.000000e+00
6.562500e+01 0.000000e+00
6.578125e+01 0.000000e+00
6.593750e+01 0.000000e+00
6.609375e+01 0.000000e+00
6.625000e+01 0.000000e+00
6.640625e+01 0.000000e+00
6.656250e+01 0.000000e+00
6.671875e+01 0.000000e+00
6.687500e+01 0.000000e+00
6.703125e+01 0.000000e+00
6.718750e+01 0.000000e+00
6.734375e+01 0.000000e+00
6.750000e+01 0.000000e+00
6.765625e+01 0.000000e+00
6.781250e+01 0.000000e+00
6.796875e+01 0.000000e+00
6.812500e+01 0.000000e+00
6.828125e+01 0.000000e+00
6.843750e+01 0.000000e+00
6.859375e+01 0.000000e+00
6.875000e+01 0.000000e+00
6.890625e+01 0.000000e+00
6.906250e+01 0.000000e+00
6.921875e+01 0.000000e+00
6.937500e+01 0.000000e+00
6.953125e+01 0.000000e+00
6.968750e+01 0.000000e+00
6.984375e+01 0.000000e+00
7.000000e+01 0.000000e+00
7.015625e+01 0.000000e+00
7.031250e+01 0.000000e+00
7.046875e+01 0.000000e+00
7.062500e+01 0.000000e+00
7.078125e+01 0.000000e+00
7.093750e+01 0.000000e+00
7.109375e+01 0.000000e+00
7.125000e+01 0.000000e+00
7.140625e+01 0.000000e+00
7.156250e+01 0.000000e+00
7.171875e+01 0.000000e+00
7.187500e+01 0.000000e+00
7.203125e+01 0.000000e+00
7.218750e+01 0.000000e+00
7.234375e+01 0.000000e+00
7.250000e+01 0.000000e+00
7.265625e+01 0.000000e+00
7.281250e+01 0.000000e+00
7.296875e+01 0.000000e+00
7.312500e+01 0.000000e+00
7.328125e+01 0.000000e+00
7.343750e+01 0.000000e+00
7.359375e+01 0.000000e+00
7.375000e+01 0.000000e+00
7.390625e+01 0.000000e+00
7.406250e+01 0.000000e+00
7.421875e+01 0.000000e+00
7.437500e+01 0.000000e+00
7.453125e+01 0.000000e+00
7.468750e+01 0.000000e+00
7.484375e+01 0.000000e+00
7.500000e+01 0.000000e+00
7.515625e+01 0.000000e+00
7.531250e+01 0.000000e+00
7.546875e+01 0.000000e+00
7.562500e+01 0.000000e+00
7.578125e+01 0.000000e+00
7.593750e+01 0.000000e+00
7.609375e+01 0.000000e+00
7.625000e+01 0.000000e+00
7.640625e+01 0.000000e+00
7.656250e+01 0.000000e+00
7.671875e+01 0.000000e+00
7.687500e+01 0.000000e+00
7.703125e+01 0.000000e+00
7.718750e+01 0.000000e+00
7.734375e+01 0.000000e+00
7.750000e+01 0.000000e+00
7.765625e+01 0.000000e+00
7.781250e+01 0.000000e+00
7.796875e+01 0.000000e+00
7.812500e+01 0.000000e+00
7.828125e+01 0.000000e+00
7.843750e+01 0.000000e+00
7.859375e+01 0.000000e+00
7.875000e+01 0.000000e+00
7.890625e+01 0.000000e+00
7.906250e+01 0.000000e+00
7.921875e+01 0.000000e+00
7.937500e+01 0.000000e+00
7.953125e+01 0.000000e+00
7.968750e+01 0.000000e+00
7.984375e+01 0.000000e+00
