# x[h^-1_cMpc]  F_mean
0.000000e+00 7.623565e-02
1.562500e-01 5.578399e-02
3.125000e-01 4.297147e-02
4.687500e-01 3.510257e-02
6.250000e-01 2.932548e-02
7.812500e-01 2.446080e-02
9.375000e-01 2.169124e-02
1.093750e+00 1.855185e-02
1.250000e+00 1.586407e-02
1.406250e+00 1.328664e-02
1.562500e+00 1.129209e-02
1.718750e+00 9.885684e-03
1.875000e+00 8.800272e-03
2.031250e+00 7.434221e-03
2.187500e+00 6.241445e-03
2.343750e+00 5.352055e-03
2.500000e+00 4.146390e-03
2.656250e+00 3.635033e-03
2.812500e+00 3.074704e-03
2.968750e+00 2.691629e-03
3.125000e+00 2.420258e-03
3.281250e+00 2.154103e-03
3.437500e+00 1.846939e-03
3.593750e+00 1.421371e-03
3.750000e+00 1.265307e-03
3.906250e+00 1.087577e-03
4.062500e+00 9.214794e-04
4.218750e+00 7.924050e-04
4.375000e+00 6.265460e-04
4.531250e+00 5.079657e-04
4.687500e+00 4.455242e-04
4.843750e+00 4.066043e-04
5.000000e+00 3.487573e-04
5.156250e+00 3.119423e-04
5.312500e+00 2.945371e-04
5.468750e+00 2.739086e-04
5.625000e+00 2.523204e-04
5.781250e+00 2.355809e-04
5.937500e+00 2.166889e-04
6.093750e+00 1.787924e-04
6.250000e+00 1.396663e-04
6.406250e+00 9.597642e-05
6.562500e+00 7.265284e-05
6.718750e+00 5.795486e-05
6.875000e+00 4.723593e-05
7.031250e+00 4.324159e-05
7.187500e+00 4.197675e-05
7.343750e+00 3.897534e-05
7.500000e+00 3.694641e-05
7.656250e+00 3.226817e-05
7.812500e+00 2.962441e-05
7.968750e+00 2.466133e-05
8.125000e+00 9.250557e-06
8.281250e+00 8.456701e-06
8.437500e+00 7.738447e-06
8.593750e+00 6.903535e-06
8.750000e+00 6.051141e-06
8.906250e+00 5.552594e-06
9.062500e+00 4.467054e-06
9.218750e+00 3.626762e-06
9.375000e+00 2.141540e-06
9.531250e+00 1.919241e-06
9.687500e+00 1.507968e-06
9.843750e+00 3.545674e-07
1.000000e+01 2.657245e-07
1.015625e+01 5.832918e-08
1.031250e+01 4.827715e-08
1.046875e+01 3.396633e-08
1.062500e+01 2.685919e-08
1.078125e+01 1.770439e-08
1.093750e+01 3.106338e-09
1.109375e+01 2.556763e-09
1.125000e+01 1.889623e-09
1.140625e+01 1.007993e-09
1.156250e+01 7.782816e-10
1.171875e+01 6.828409e-10
1.187500e+01 4.995722e-10
1.203125e+01 3.724624e-10
1.218750e+01 2.930265e-10
1.234375e+01 2.547718e-10
1.250000e+01 2.330235e-10
1.265625e+01 1.959107e-10
1.281250e+01 1.289814e-10
1.296875e+01 4.810092e-11
1.312500e+01 2.083300e-11
1.328125e+01 1.368680e-11
1.343750e+01 9.475329e-12
1.359375e+01 7.995735e-12
1.375000e+01 5.782121e-12
1.390625e+01 3.685874e-13
1.406250e+01 2.113550e-13
1.421875e+01 2.043414e-13
1.437500e+01 1.912960e-13
1.453125e+01 1.831871e-13
1.468750e+01 1.689693e-13
1.484375e+01 1.493755e-13
1.500000e+01 1.321669e-13
1.515625e+01 1.803188e-14
1.531250e+01 1.933400e-15
1.546875e+01 1.419095e-15
1.562500e+01 1.051707e-15
1.578125e+01 8.212130e-16
1.593750e+01 6.836411e-16
1.609375e+01 5.971742e-16
1.625000e+01 4.973519e-16
1.640625e+01 4.097841e-16
1.656250e+01 3.611830e-16
1.671875e+01 3.177596e-16
1.687500e+01 2.965298e-16
1.703125e+01 2.803801e-16
1.718750e+01 2.417831e-16
1.734375e+01 2.348196e-16
1.750000e+01 2.295735e-16
1.765625e+01 2.069833e-16
1.781250e+01 1.385959e-16
1.796875e+01 1.302274e-16
1.812500e+01 1.280805e-16
1.828125e+01 1.255621e-16
1.843750e+01 1.204705e-16
1.859375e+01 1.045411e-16
1.875000e+01 7.676347e-17
1.890625e+01 2.871868e-17
1.906250e+01 2.257266e-17
1.921875e+01 1.978562e-17
1.937500e+01 1.888516e-17
1.953125e+01 1.798388e-17
1.968750e+01 1.251525e-17
1.984375e+01 1.160289e-17
2.000000e+01 1.118022e-17
2.015625e+01 1.082976e-17
2.031250e+01 1.063779e-17
2.046875e+01 1.054975e-17
2.062500e+01 9.699999e-18
2.078125e+01 8.037906e-18
2.093750e+01 7.849615e-18
2.109375e+01 7.614853e-18
2.125000e+01 7.208428e-18
2.140625e+01 7.065099e-18
2.156250e+01 6.879037e-18
2.171875e+01 4.092027e-18
2.187500e+01 3.200953e-18
2.203125e+01 3.178443e-18
2.218750e+01 3.168057e-18
2.234375e+01 3.144539e-18
2.250000e+01 3.115012e-18
2.265625e+01 3.088614e-18
2.281250e+01 2.981742e-18
2.296875e+01 2.817800e-18
2.312500e+01 2.545024e-18
2.328125e+01 2.443181e-21
2.343750e+01 1.810508e-27
2.359375e+01 1.373586e-43
2.375000e+01 2.654633e-56
2.390625e+01 1.223118e-56
2.406250e+01 1.035628e-56
2.421875e+01 9.980455e-57
2.437500e+01 9.646707e-57
2.453125e+01 8.890573e-57
2.468750e+01 5.475134e-57
2.484375e+01 2.208256e-58
2.500000e+01 3.444893e-59
2.515625e+01 2.034898e-59
2.531250e+01 9.751431e-65
2.546875e+01 6.460721e-71
2.562500e+01 4.867610e-71
2.578125e+01 3.276544e-71
2.593750e+01 1.291052e-71
2.609375e+01 1.128075e-152
2.625000e+01 2.608525e-239
2.640625e+01 2.285801e-268
2.656250e+01 0.000000e+00
2.671875e+01 0.000000e+00
2.687500e+01 0.000000e+00
2.703125e+01 0.000000e+00
2.718750e+01 0.000000e+00
2.734375e+01 0.000000e+00
2.750000e+01 0.000000e+00
2.765625e+01 0.000000e+00
2.781250e+01 0.000000e+00
2.796875e+01 0.000000e+00
2.812500e+01 0.000000e+00
2.828125e+01 0.000000e+00
2.843750e+01 0.000000e+00
2.859375e+01 0.000000e+00
2.875000e+01 0.000000e+00
2.890625e+01 0.000000e+00
2.906250e+01 0.000000e+00
2.921875e+01 0.000000e+00
2.937500e+01 0.000000e+00
2.953125e+01 0.000000e+00
2.968750e+01 0.000000e+00
2.984375e+01 0.000000e+00
3.000000e+01 0.000000e+00
3.015625e+01 0.000000e+00
3.031250e+01 0.000000e+00
3.046875e+01 0.000000e+00
3.062500e+01 0.000000e+00
3.078125e+01 0.000000e+00
3.093750e+01 0.000000e+00
3.109375e+01 0.000000e+00
3.125000e+01 0.000000e+00
3.140625e+01 0.000000e+00
3.156250e+01 0.000000e+00
3.171875e+01 0.000000e+00
3.187500e+01 0.000000e+00
3.203125e+01 0.000000e+00
3.218750e+01 0.000000e+00
3.234375e+01 0.000000e+00
3.250000e+01 0.000000e+00
3.265625e+01 0.000000e+00
3.281250e+01 0.000000e+00
3.296875e+01 0.000000e+00
3.312500e+01 0.000000e+00
3.328125e+01 0.000000e+00
3.343750e+01 0.000000e+00
3.359375e+01 0.000000e+00
3.375000e+01 0.000000e+00
3.390625e+01 0.000000e+00
3.406250e+01 0.000000e+00
3.421875e+01 0.000000e+00
3.437500e+01 0.000000e+00
3.453125e+01 0.000000e+00
3.468750e+01 0.000000e+00
3.484375e+01 0.000000e+00
3.500000e+01 0.000000e+00
3.515625e+01 0.000000e+00
3.531250e+01 0.000000e+00
3.546875e+01 0.000000e+00
3.562500e+01 0.000000e+00
3.578125e+01 0.000000e+00
3.593750e+01 0.000000e+00
3.609375e+01 0.000000e+00
3.625000e+01 0.000000e+00
3.640625e+01 0.000000e+00
3.656250e+01 0.000000e+00
3.671875e+01 0.000000e+00
3.687500e+01 0.000000e+00
3.703125e+01 0.000000e+00
3.718750e+01 0.000000e+00
3.734375e+01 0.000000e+00
3.750000e+01 0.000000e+00
3.765625e+01 0.000000e+00
3.781250e+01 0.000000e+00
3.796875e+01 0.000000e+00
3.812500e+01 0.000000e+00
3.828125e+01 0.000000e+00
3.843750e+01 0.000000e+00
3.859375e+01 0.000000e+00
3.875000e+01 0.000000e+00
3.890625e+01 0.000000e+00
3.906250e+01 0.000000e+00
3.921875e+01 0.000000e+00
3.937500e+01 0.000000e+00
3.953125e+01 0.000000e+00
3.968750e+01 0.000000e+00
3.984375e+01 0.000000e+00
4.000000e+01 0.000000e+00
4.015625e+01 0.000000e+00
4.031250e+01 0.000000e+00
4.046875e+01 0.000000e+00
4.062500e+01 0.000000e+00
4.078125e+01 0.000000e+00
4.093750e+01 0.000000e+00
4.109375e+01 0.000000e+00
4.125000e+01 0.000000e+00
4.140625e+01 0.000000e+00
4.156250e+01 0.000000e+00
4.171875e+01 0.000000e+00
4.187500e+01 0.000000e+00
4.203125e+01 0.000000e+00
4.218750e+01 0.000000e+00
4.234375e+01 0.000000e+00
4.250000e+01 0.000000e+00
4.265625e+01 0.000000e+00
4.281250e+01 0.000000e+00
4.296875e+01 0.000000e+00
4.312500e+01 0.000000e+00
4.328125e+01 0.000000e+00
4.343750e+01 0.000000e+00
4.359375e+01 0.000000e+00
4.375000e+01 0.000000e+00
4.390625e+01 0.000000e+00
4.406250e+01 0.000000e+00
4.421875e+01 0.000000e+00
4.437500e+01 0.000000e+00
4.453125e+01 0.000000e+00
4.468750e+01 0.000000e+00
4.484375e+01 0.000000e+00
4.500000e+01 0.000000e+00
4.515625e+01 0.000000e+00
4.531250e+01 0.000000e+00
4.546875e+01 0.000000e+00
4.562500e+01 0.000000e+00
4.578125e+01 0.000000e+00
4.593750e+01 0.000000e+00
4.609375e+01 0.000000e+00
4.625000e+01 0.000000e+00
4.640625e+01 0.000000e+00
4.656250e+01 0.000000e+00
4.671875e+01 0.000000e+00
4.687500e+01 0.000000e+00
4.703125e+01 0.000000e+00
4.718750e+01 0.000000e+00
4.734375e+01 0.000000e+00
4.750000e+01 0.000000e+00
4.765625e+01 0.000000e+00
4.781250e+01 0.000000e+00
4.796875e+01 0.000000e+00
4.812500e+01 0.000000e+00
4.828125e+01 0.000000e+00
4.843750e+01 0.000000e+00
4.859375e+01 0.000000e+00
4.875000e+01 0.000000e+00
4.890625e+01 0.000000e+00
4.906250e+01 0.000000e+00
4.921875e+01 0.000000e+00
4.937500e+01 0.000000e+00
4.953125e+01 0.000000e+00
4.968750e+01 0.000000e+00
4.984375e+01 0.000000e+00
5.000000e+01 0.000000e+00
5.015625e+01 0.000000e+00
5.031250e+01 0.000000e+00
5.046875e+01 0.000000e+00
5.062500e+01 0.000000e+00
5.078125e+01 0.000000e+00
5.093750e+01 0.000000e+00
5.109375e+01 0.000000e+00
5.125000e+01 0.000000e+00
5.140625e+01 0.000000e+00
5.156250e+01 0.000000e+00
5.171875e+01 0.000000e+00
5.187500e+01 0.000000e+00
5.203125e+01 0.000000e+00
5.218750e+01 0.000000e+00
5.234375e+01 0.000000e+00
5.250000e+01 0.000000e+00
5.265625e+01 0.000000e+00
5.281250e+01 0.000000e+00
5.296875e+01 0.000000e+00
5.312500e+01 0.000000e+00
5.328125e+01 0.000000e+00
5.343750e+01 0.000000e+00
5.359375e+01 0.000000e+00
5.375000e+01 0.000000e+00
5.390625e+01 0.000000e+00
5.406250e+01 0.000000e+00
5.421875e+01 0.000000e+00
5.437500e+01 0.000000e+00
5.453125e+01 0.000000e+00
5.468750e+01 0.000000e+00
5.484375e+01 0.000000e+00
5.500000e+01 0.000000e+00
5.515625e+01 0.000000e+00
5.531250e+01 0.000000e+00
5.546875e+01 0.000000e+00
5.562500e+01 0.000000e+00
5.578125e+01 0.000000e+00
5.593750e+01 0.000000e+00
5.609375e+01 0.000000e+00
5.625000e+01 0.000000e+00
5.640625e+01 0.000000e+00
5.656250e+01 0.000000e+00
5.671875e+01 0.000000e+00
5.687500e+01 0.000000e+00
5.703125e+01 0.000000e+00
5.718750e+01 0.000000e+00
5.734375e+01 0.000000e+00
5.750000e+01 0.000000e+00
5.765625e+01 0.000000e+00
5.781250e+01 0.000000e+00
5.796875e+01 0.000000e+00
5.812500e+01 0.000000e+00
5.828125e+01 0.000000e+00
5.843750e+01 0.000000e+00
5.859375e+01 0.000000e+00
5.875000e+01 0.000000e+00
5.890625e+01 0.000000e+00
5.906250e+01 0.000000e+00
5.921875e+01 0.000000e+00
5.937500e+01 0.000000e+00
5.953125e+01 0.000000e+00
5.968750e+01 0.000000e+00
5.984375e+01 0.000000e+00
6.000000e+01 0.000000e+00
6.015625e+01 0.000000e+00
6.031250e+01 0.000000e+00
6.046875e+01 0.000000e+00
6.062500e+01 0.000000e+00
6.078125e+01 0.000000e+00
6.093750e+01 0.000000e+00
6.109375e+01 0.000000e+00
6.125000e+01 0.000000e+00
6.140625e+01 0.000000e+00
6.156250e+01 0.000000e+00
6.171875e+01 0.000000e+00
6.187500e+01 0.000000e+00
6.203125e+01 0.000000e+00
6.218750e+01 0.000000e+00
6.234375e+01 0.000000e+00
6.250000e+01 0.000000e+00
6.265625e+01 0.000000e+00
6.281250e+01 0.000000e+00
6.296875e+01 0.000000e+00
6.312500e+01 0.000000e+00
6.328125e+01 0.000000e+00
6.343750e+01 0.000000e+00
6.359375e+01 0.000000e+00
6.375000e+01 0.000000e+00
6.390625e+01 0.000000e+00
6.406250e+01 0.000000e+00
6.421875e+01 0.000000e+00
6.437500e+01 0.000000e+00
6.453125e+01 0.000000e+00
6.468750e+01 0.000000e+00
6.484375e+01 0.000000e+00
6.500000e+01 0.000000e+00
6.515625e+01 0.000000e+00
6.531250e+01 0.000000e+00
6.546875e+01 0.000000e+00
6.562500e+01 0.000000e+00
6.578125e+01 0.000000e+00
6.593750e+01 0.000000e+00
6.609375e+01 0.000000e+00
6.625000e+01 0.000000e+00
6.640625e+01 0.000000e+00
6.656250e+01 0.000000e+00
6.671875e+01 0.000000e+00
6.687500e+01 0.000000e+00
6.703125e+01 0.000000e+00
6.718750e+01 0.000000e+00
6.734375e+01 0.000000e+00
6.750000e+01 0.000000e+00
6.765625e+01 0.000000e+00
6.781250e+01 0.000000e+00
6.796875e+01 0.000000e+00
6.812500e+01 0.000000e+00
6.828125e+01 0.000000e+00
6.843750e+01 0.000000e+00
6.859375e+01 0.000000e+00
6.875000e+01 0.000000e+00
6.890625e+01 0.000000e+00
6.906250e+01 0.000000e+00
6.921875e+01 0.000000e+00
6.937500e+01 0.000000e+00
6.953125e+01 0.000000e+00
6.968750e+01 0.000000e+00
6.984375e+01 0.000000e+00
7.000000e+01 0.000000e+00
7.015625e+01 0.000000e+00
7.031250e+01 0.000000e+00
7.046875e+01 0.000000e+00
7.062500e+01 0.000000e+00
7.078125e+01 0.000000e+00
7.093750e+01 0.000000e+00
7.109375e+01 0.000000e+00
7.125000e+01 0.000000e+00
7.140625e+01 0.000000e+00
7.156250e+01 0.000000e+00
7.171875e+01 0.000000e+00
7.187500e+01 0.000000e+00
7.203125e+01 0.000000e+00
7.218750e+01 0.000000e+00
7.234375e+01 0.000000e+00
7.250000e+01 0.000000e+00
7.265625e+01 0.000000e+00
7.281250e+01 0.000000e+00
7.296875e+01 0.000000e+00
7.312500e+01 0.000000e+00
7.328125e+01 0.000000e+00
7.343750e+01 0.000000e+00
7.359375e+01 0.000000e+00
7.375000e+01 0.000000e+00
7.390625e+01 0.000000e+00
7.406250e+01 0.000000e+00
7.421875e+01 0.000000e+00
7.437500e+01 0.000000e+00
7.453125e+01 0.000000e+00
7.468750e+01 0.000000e+00
7.484375e+01 0.000000e+00
7.500000e+01 0.000000e+00
7.515625e+01 0.000000e+00
7.531250e+01 0.000000e+00
7.546875e+01 0.000000e+00
7.562500e+01 0.000000e+00
7.578125e+01 0.000000e+00
7.593750e+01 0.000000e+00
7.609375e+01 0.000000e+00
7.625000e+01 0.000000e+00
7.640625e+01 0.000000e+00
7.656250e+01 0.000000e+00
7.671875e+01 0.000000e+00
7.687500e+01 0.000000e+00
7.703125e+01 0.000000e+00
7.718750e+01 0.000000e+00
7.734375e+01 0.000000e+00
7.750000e+01 0.000000e+00
7.765625e+01 0.000000e+00
7.781250e+01 0.000000e+00
7.796875e+01 0.000000e+00
7.812500e+01 0.000000e+00
7.828125e+01 0.000000e+00
7.843750e+01 0.000000e+00
7.859375e+01 0.000000e+00
7.875000e+01 0.000000e+00
7.890625e+01 0.000000e+00
7.906250e+01 0.000000e+00
7.921875e+01 0.000000e+00
7.937500e+01 0.000000e+00
7.953125e+01 0.000000e+00
7.968750e+01 0.000000e+00
7.984375e+01 0.000000e+00
