# x[h^-1_cMpc]  F_mean
0.000000e+00 6.776739e-01
1.562500e-01 5.746021e-01
3.125000e-01 4.977258e-01
4.687500e-01 4.358068e-01
6.250000e-01 3.829946e-01
7.812500e-01 3.392426e-01
9.375000e-01 2.998182e-01
1.093750e+00 2.656583e-01
1.250000e+00 2.365750e-01
1.406250e+00 2.117230e-01
1.562500e+00 1.899270e-01
1.718750e+00 1.688459e-01
1.875000e+00 1.529819e-01
2.031250e+00 1.404631e-01
2.187500e+00 1.279434e-01
2.343750e+00 1.167839e-01
2.500000e+00 1.063471e-01
2.656250e+00 9.797782e-02
2.812500e+00 9.004527e-02
2.968750e+00 8.280686e-02
3.125000e+00 7.613981e-02
3.281250e+00 6.957214e-02
3.437500e+00 6.418400e-02
3.593750e+00 5.837299e-02
3.750000e+00 5.329068e-02
3.906250e+00 4.927375e-02
4.062500e+00 4.573783e-02
4.218750e+00 4.195526e-02
4.375000e+00 3.877757e-02
4.531250e+00 3.595045e-02
4.687500e+00 3.340593e-02
4.843750e+00 3.061668e-02
5.000000e+00 2.771629e-02
5.156250e+00 2.541624e-02
5.312500e+00 2.323957e-02
5.468750e+00 2.064113e-02
5.625000e+00 1.880790e-02
5.781250e+00 1.715776e-02
5.937500e+00 1.574553e-02
6.093750e+00 1.456179e-02
6.250000e+00 1.348665e-02
6.406250e+00 1.232012e-02
6.562500e+00 1.128095e-02
6.718750e+00 1.057204e-02
6.875000e+00 9.935916e-03
7.031250e+00 9.354830e-03
7.187500e+00 8.713754e-03
7.343750e+00 8.208316e-03
7.500000e+00 7.583726e-03
7.656250e+00 6.885865e-03
7.812500e+00 6.415950e-03
7.968750e+00 6.073367e-03
8.125000e+00 5.636311e-03
8.281250e+00 5.224213e-03
8.437500e+00 4.863152e-03
8.593750e+00 4.532759e-03
8.750000e+00 4.287763e-03
8.906250e+00 3.980721e-03
9.062500e+00 3.748118e-03
9.218750e+00 3.502602e-03
9.375000e+00 3.237823e-03
9.531250e+00 2.966774e-03
9.687500e+00 2.725306e-03
9.843750e+00 2.543764e-03
1.000000e+01 2.323806e-03
1.015625e+01 2.206669e-03
1.031250e+01 2.019356e-03
1.046875e+01 1.856953e-03
1.062500e+01 1.723060e-03
1.078125e+01 1.592950e-03
1.093750e+01 1.483181e-03
1.109375e+01 1.335987e-03
1.125000e+01 1.212872e-03
1.140625e+01 1.122006e-03
1.156250e+01 1.003112e-03
1.171875e+01 8.929477e-04
1.187500e+01 8.281435e-04
1.203125e+01 7.913706e-04
1.218750e+01 7.348808e-04
1.234375e+01 6.861156e-04
1.250000e+01 6.442914e-04
1.265625e+01 6.099673e-04
1.281250e+01 5.706091e-04
1.296875e+01 5.346970e-04
1.312500e+01 5.032602e-04
1.328125e+01 4.717574e-04
1.343750e+01 4.406049e-04
1.359375e+01 4.155102e-04
1.375000e+01 3.893672e-04
1.390625e+01 3.665190e-04
1.406250e+01 3.507247e-04
1.421875e+01 3.288413e-04
1.437500e+01 2.959714e-04
1.453125e+01 2.796754e-04
1.468750e+01 2.642336e-04
1.484375e+01 2.437495e-04
1.500000e+01 2.182239e-04
1.515625e+01 2.032308e-04
1.531250e+01 1.905340e-04
1.546875e+01 1.786421e-04
1.562500e+01 1.686332e-04
1.578125e+01 1.545757e-04
1.593750e+01 1.426529e-04
1.609375e+01 1.313450e-04
1.625000e+01 1.055174e-04
1.640625e+01 9.583308e-05
1.656250e+01 8.213360e-05
1.671875e+01 7.387227e-05
1.687500e+01 6.633822e-05
1.703125e+01 6.046092e-05
1.718750e+01 5.551710e-05
1.734375e+01 4.985223e-05
1.750000e+01 4.579859e-05
1.765625e+01 4.290061e-05
1.781250e+01 4.038537e-05
1.796875e+01 3.784124e-05
1.812500e+01 3.628239e-05
1.828125e+01 3.438523e-05
1.843750e+01 3.262741e-05
1.859375e+01 3.117319e-05
1.875000e+01 2.857598e-05
1.890625e+01 2.631470e-05
1.906250e+01 2.424422e-05
1.921875e+01 2.253781e-05
1.937500e+01 2.095634e-05
1.953125e+01 2.011515e-05
1.968750e+01 1.932154e-05
1.984375e+01 1.814360e-05
2.000000e+01 1.707911e-05
2.015625e+01 1.611512e-05
2.031250e+01 1.534311e-05
2.046875e+01 1.392920e-05
2.062500e+01 1.249405e-05
2.078125e+01 1.126609e-05
2.093750e+01 1.015321e-05
2.109375e+01 9.217552e-06
2.125000e+01 8.458190e-06
2.140625e+01 7.762335e-06
2.156250e+01 6.949255e-06
2.171875e+01 6.638844e-06
2.187500e+01 5.631865e-06
2.203125e+01 5.258647e-06
2.218750e+01 5.065288e-06
2.234375e+01 4.532961e-06
2.250000e+01 4.297511e-06
2.265625e+01 4.147994e-06
2.281250e+01 3.992155e-06
2.296875e+01 3.815247e-06
2.312500e+01 3.673688e-06
2.328125e+01 3.426046e-06
2.343750e+01 3.276676e-06
2.359375e+01 3.125733e-06
2.375000e+01 3.007650e-06
2.390625e+01 2.850472e-06
2.406250e+01 2.786706e-06
2.421875e+01 2.629658e-06
2.437500e+01 2.526004e-06
2.453125e+01 2.430337e-06
2.468750e+01 2.245273e-06
2.484375e+01 2.097437e-06
2.500000e+01 1.923217e-06
2.515625e+01 1.867849e-06
2.531250e+01 1.703384e-06
2.546875e+01 1.619850e-06
2.562500e+01 1.573310e-06
2.578125e+01 1.529643e-06
2.593750e+01 1.457440e-06
2.609375e+01 1.341860e-06
2.625000e+01 1.259298e-06
2.640625e+01 1.200767e-06
2.656250e+01 1.152099e-06
2.671875e+01 1.096110e-06
2.687500e+01 1.062665e-06
2.703125e+01 1.024232e-06
2.718750e+01 6.231022e-07
2.734375e+01 5.103689e-07
2.750000e+01 4.871453e-07
2.765625e+01 4.715007e-07
2.781250e+01 4.581963e-07
2.796875e+01 4.463875e-07
2.812500e+01 4.285180e-07
2.828125e+01 4.110479e-07
2.843750e+01 3.793439e-07
2.859375e+01 3.509599e-07
2.875000e+01 3.343839e-07
2.890625e+01 3.100878e-07
2.906250e+01 2.963083e-07
2.921875e+01 2.743067e-07
2.937500e+01 2.413608e-07
2.953125e+01 2.243219e-07
2.968750e+01 2.010091e-07
2.984375e+01 1.898269e-07
3.000000e+01 1.803533e-07
3.015625e+01 1.747284e-07
3.031250e+01 1.683958e-07
3.046875e+01 1.614970e-07
3.062500e+01 1.530280e-07
3.078125e+01 1.449379e-07
3.093750e+01 1.399255e-07
3.109375e+01 1.367057e-07
3.125000e+01 1.330700e-07
3.140625e+01 1.213650e-07
3.156250e+01 1.128046e-07
3.171875e+01 1.035486e-07
3.187500e+01 9.656445e-08
3.203125e+01 8.606046e-08
3.218750e+01 6.593492e-08
3.234375e+01 5.701603e-08
3.250000e+01 5.310165e-08
3.265625e+01 5.211325e-08
3.281250e+01 5.098600e-08
3.296875e+01 4.964541e-08
3.312500e+01 4.822587e-08
3.328125e+01 4.566137e-08
3.343750e+01 3.110635e-08
3.359375e+01 2.575568e-08
3.375000e+01 1.926134e-08
3.390625e+01 1.704758e-08
3.406250e+01 1.476658e-08
3.421875e+01 1.413434e-08
3.437500e+01 1.325329e-08
3.453125e+01 1.279807e-08
3.468750e+01 1.237317e-08
3.484375e+01 1.196935e-08
3.500000e+01 1.072514e-08
3.515625e+01 8.978626e-09
3.531250e+01 8.050957e-09
3.546875e+01 7.646466e-09
3.562500e+01 6.322928e-09
3.578125e+01 6.092463e-09
3.593750e+01 5.792732e-09
3.609375e+01 5.281113e-09
3.625000e+01 5.015404e-09
3.640625e+01 4.793126e-09
3.656250e+01 4.560234e-09
3.671875e+01 4.260794e-09
3.687500e+01 4.082192e-09
3.703125e+01 3.693567e-09
3.718750e+01 3.188156e-09
3.734375e+01 2.868616e-09
3.750000e+01 2.334115e-09
3.765625e+01 1.757755e-09
3.781250e+01 1.695584e-09
3.796875e+01 1.545415e-09
3.812500e+01 1.449079e-09
3.828125e+01 1.358603e-09
3.843750e+01 1.295970e-09
3.859375e+01 1.218969e-09
3.875000e+01 1.158009e-09
3.890625e+01 1.079700e-09
3.906250e+01 1.031721e-09
3.921875e+01 9.407130e-10
3.937500e+01 8.564896e-10
3.953125e+01 8.240101e-10
3.968750e+01 8.073813e-10
3.984375e+01 7.589693e-10
4.000000e+01 6.967595e-10
4.015625e+01 6.608067e-10
4.031250e+01 6.329612e-10
4.046875e+01 6.027193e-10
4.062500e+01 5.472633e-10
4.078125e+01 4.755739e-10
4.093750e+01 4.664150e-10
4.109375e+01 4.580336e-10
4.125000e+01 4.508110e-10
4.140625e+01 4.429280e-10
4.156250e+01 4.351774e-10
4.171875e+01 4.294403e-10
4.187500e+01 4.173774e-10
4.203125e+01 4.066078e-10
4.218750e+01 4.019278e-10
4.234375e+01 3.977873e-10
4.250000e+01 3.863894e-10
4.265625e+01 3.651668e-10
4.281250e+01 3.407379e-10
4.296875e+01 3.189646e-10
4.312500e+01 3.099882e-10
4.328125e+01 3.060548e-10
4.343750e+01 3.030918e-10
4.359375e+01 2.991745e-10
4.375000e+01 2.906408e-10
4.390625e+01 2.788963e-10
4.406250e+01 2.714922e-10
4.421875e+01 2.644264e-10
4.437500e+01 2.575363e-10
4.453125e+01 2.400167e-10
4.468750e+01 1.963951e-10
4.484375e+01 1.906993e-10
4.500000e+01 1.819825e-10
4.515625e+01 1.734094e-10
4.531250e+01 1.359103e-10
4.546875e+01 1.016467e-10
4.562500e+01 8.416679e-11
4.578125e+01 6.605493e-11
4.593750e+01 4.708153e-11
4.609375e+01 4.497125e-11
4.625000e+01 4.259056e-11
4.640625e+01 3.979127e-11
4.656250e+01 3.882834e-11
4.671875e+01 3.527837e-11
4.687500e+01 3.254723e-11
4.703125e+01 3.130536e-11
4.718750e+01 2.792419e-11
4.734375e+01 1.993169e-11
4.750000e+01 1.779362e-11
4.765625e+01 1.745136e-11
4.781250e+01 1.714139e-11
4.796875e+01 1.678487e-11
4.812500e+01 1.548833e-11
4.828125e+01 1.171367e-11
4.843750e+01 1.144534e-11
4.859375e+01 1.130725e-11
4.875000e+01 1.115662e-11
4.890625e+01 1.063393e-11
4.906250e+01 9.976908e-12
4.921875e+01 9.294159e-12
4.937500e+01 8.679884e-12
4.953125e+01 8.113173e-12
4.968750e+01 7.295511e-12
4.984375e+01 7.172674e-12
5.000000e+01 7.050000e-12
5.015625e+01 6.951056e-12
5.031250e+01 6.760589e-12
5.046875e+01 5.708383e-12
5.062500e+01 5.493759e-12
5.078125e+01 5.360902e-12
5.093750e+01 4.912410e-12
5.109375e+01 4.589601e-12
5.125000e+01 4.370231e-12
5.140625e+01 4.277881e-12
5.156250e+01 4.201399e-12
5.171875e+01 4.041739e-12
5.187500e+01 3.506671e-12
5.203125e+01 2.585286e-12
5.218750e+01 2.565721e-12
5.234375e+01 2.532927e-12
5.250000e+01 2.457593e-12
5.265625e+01 2.369461e-12
5.281250e+01 2.234694e-12
5.296875e+01 2.161924e-12
5.312500e+01 2.034390e-12
5.328125e+01 1.948331e-12
5.343750e+01 1.900363e-12
5.359375e+01 1.833790e-12
5.375000e+01 1.723539e-12
5.390625e+01 1.639442e-12
5.406250e+01 1.445868e-12
5.421875e+01 1.357712e-12
5.437500e+01 1.254620e-12
5.453125e+01 9.829569e-13
5.468750e+01 9.265427e-13
5.484375e+01 8.050998e-13
5.500000e+01 7.742801e-13
5.515625e+01 7.568444e-13
5.531250e+01 7.408432e-13
5.546875e+01 7.259314e-13
5.562500e+01 7.115387e-13
5.578125e+01 6.956039e-13
5.593750e+01 6.808384e-13
5.609375e+01 6.704150e-13
5.625000e+01 6.550546e-13
5.640625e+01 6.373035e-13
5.656250e+01 6.272740e-13
5.671875e+01 6.197731e-13
5.687500e+01 6.119741e-13
5.703125e+01 5.946400e-13
5.718750e+01 5.403746e-13
5.734375e+01 5.053545e-13
5.750000e+01 3.823125e-13
5.765625e+01 3.173316e-13
5.781250e+01 2.366117e-13
5.796875e+01 2.259262e-13
5.812500e+01 2.141489e-13
5.828125e+01 1.991986e-13
5.843750e+01 1.772231e-13
5.859375e+01 1.559277e-13
5.875000e+01 1.479727e-13
5.890625e+01 1.444804e-13
5.906250e+01 1.351135e-13
5.921875e+01 1.315480e-13
5.937500e+01 1.294276e-13
5.953125e+01 1.255424e-13
5.968750e+01 1.174778e-13
5.984375e+01 1.142161e-13
6.000000e+01 1.118622e-13
6.015625e+01 1.056073e-13
6.031250e+01 1.009833e-13
6.046875e+01 7.392959e-14
6.062500e+01 6.438941e-14
6.078125e+01 5.828119e-14
6.093750e+01 5.441040e-14
6.109375e+01 5.177690e-14
6.125000e+01 5.039894e-14
6.140625e+01 4.725630e-14
6.156250e+01 4.484369e-14
6.171875e+01 4.379951e-14
6.187500e+01 4.216869e-14
6.203125e+01 3.951483e-14
6.218750e+01 3.840153e-14
6.234375e+01 3.743944e-14
6.250000e+01 3.649737e-14
6.265625e+01 3.571240e-14
6.281250e+01 3.504949e-14
6.296875e+01 3.183977e-14
6.312500e+01 2.803779e-14
6.328125e+01 2.540154e-14
6.343750e+01 2.387521e-14
6.359375e+01 2.171188e-14
6.375000e+01 1.871486e-14
6.390625e+01 1.556848e-14
6.406250e+01 1.457724e-14
6.421875e+01 1.381587e-14
6.437500e+01 1.194520e-14
6.453125e+01 9.946598e-15
6.468750e+01 7.576294e-15
6.484375e+01 6.650280e-15
6.500000e+01 5.618873e-15
6.515625e+01 4.708016e-15
6.531250e+01 2.727704e-15
6.546875e+01 2.008227e-15
6.562500e+01 1.550427e-15
6.578125e+01 1.418397e-15
6.593750e+01 1.384433e-15
6.609375e+01 1.343726e-15
6.625000e+01 1.300800e-15
6.640625e+01 1.193559e-15
6.656250e+01 8.107851e-16
6.671875e+01 7.604286e-16
6.687500e+01 7.294062e-16
6.703125e+01 7.098307e-16
6.718750e+01 6.808861e-16
6.734375e+01 6.532161e-16
6.750000e+01 5.199781e-16
6.765625e+01 4.745896e-16
6.781250e+01 4.602766e-16
6.796875e+01 4.044188e-16
6.812500e+01 3.914495e-16
6.828125e+01 3.877449e-16
6.843750e+01 3.690173e-16
6.859375e+01 3.437714e-16
6.875000e+01 3.268646e-16
6.890625e+01 2.935351e-16
6.906250e+01 2.849593e-16
6.921875e+01 2.748169e-16
6.937500e+01 2.508435e-16
6.953125e+01 2.188647e-16
6.968750e+01 2.028173e-16
6.984375e+01 1.924641e-16
7.000000e+01 1.859054e-16
7.015625e+01 1.802833e-16
7.031250e+01 1.763889e-16
7.046875e+01 1.726165e-16
7.062500e+01 1.468587e-16
7.078125e+01 1.125876e-16
7.093750e+01 1.083026e-16
7.109375e+01 1.036846e-16
7.125000e+01 1.016453e-16
7.140625e+01 9.966463e-17
7.156250e+01 9.788201e-17
7.171875e+01 9.525423e-17
7.187500e+01 9.324249e-17
7.203125e+01 9.203278e-17
7.218750e+01 9.082653e-17
7.234375e+01 8.966852e-17
7.250000e+01 8.772911e-17
7.265625e+01 7.947025e-17
7.281250e+01 5.624864e-17
7.296875e+01 3.631489e-17
7.312500e+01 4.199650e-18
7.328125e+01 2.153792e-18
7.343750e+01 1.751797e-18
7.359375e+01 1.497843e-18
7.375000e+01 1.416501e-18
7.390625e+01 1.215377e-18
7.406250e+01 1.102814e-18
7.421875e+01 9.765080e-19
7.437500e+01 7.813035e-19
7.453125e+01 6.553190e-19
7.468750e+01 3.158809e-19
7.484375e+01 1.052311e-19
7.500000e+01 9.608341e-20
7.515625e+01 9.363879e-20
7.531250e+01 8.843025e-20
7.546875e+01 8.135844e-20
7.562500e+01 7.439102e-20
7.578125e+01 6.275749e-20
7.593750e+01 6.144058e-20
7.609375e+01 5.943561e-20
7.625000e+01 5.523984e-20
7.640625e+01 4.834129e-20
7.656250e+01 4.625232e-20
7.671875e+01 4.462960e-20
7.687500e+01 4.411803e-20
7.703125e+01 4.284807e-20
7.718750e+01 4.213644e-20
7.734375e+01 4.106005e-20
7.750000e+01 4.066434e-20
7.765625e+01 3.954026e-20
7.781250e+01 3.923129e-20
7.796875e+01 3.896625e-20
7.812500e+01 3.872211e-20
7.828125e+01 3.848682e-20
7.843750e+01 3.817896e-20
7.859375e+01 3.536363e-20
7.875000e+01 2.879382e-20
7.890625e+01 2.730028e-20
7.906250e+01 2.537831e-20
7.921875e+01 1.884273e-20
7.937500e+01 1.538115e-20
7.953125e+01 1.480425e-20
7.968750e+01 1.451759e-20
7.984375e+01 1.429663e-20
