# x[h^-1_cMpc]  F_mean
0.000000e+00 9.337740e-01
1.562500e-01 8.856196e-01
3.125000e-01 8.391453e-01
4.687500e-01 7.974838e-01
6.250000e-01 7.615991e-01
7.812500e-01 7.255128e-01
9.375000e-01 6.909612e-01
1.093750e+00 6.613557e-01
1.250000e+00 6.291782e-01
1.406250e+00 6.017157e-01
1.562500e+00 5.723180e-01
1.718750e+00 5.472960e-01
1.875000e+00 5.219468e-01
2.031250e+00 4.991190e-01
2.187500e+00 4.757956e-01
2.343750e+00 4.562479e-01
2.500000e+00 4.361850e-01
2.656250e+00 4.185202e-01
2.812500e+00 4.022848e-01
2.968750e+00 3.860676e-01
3.125000e+00 3.689681e-01
3.281250e+00 3.527812e-01
3.437500e+00 3.387981e-01
3.593750e+00 3.259940e-01
3.750000e+00 3.141509e-01
3.906250e+00 3.006428e-01
4.062500e+00 2.881108e-01
4.218750e+00 2.765659e-01
4.375000e+00 2.667384e-01
4.531250e+00 2.578818e-01
4.687500e+00 2.470750e-01
4.843750e+00 2.379483e-01
5.000000e+00 2.277238e-01
5.156250e+00 2.184642e-01
5.312500e+00 2.094026e-01
5.468750e+00 2.011522e-01
5.625000e+00 1.940451e-01
5.781250e+00 1.864636e-01
5.937500e+00 1.791581e-01
6.093750e+00 1.729313e-01
6.250000e+00 1.665524e-01
6.406250e+00 1.610984e-01
6.562500e+00 1.548576e-01
6.718750e+00 1.490709e-01
6.875000e+00 1.441179e-01
7.031250e+00 1.386929e-01
7.187500e+00 1.341107e-01
7.343750e+00 1.295023e-01
7.500000e+00 1.252760e-01
7.656250e+00 1.205839e-01
7.812500e+00 1.162241e-01
7.968750e+00 1.122720e-01
8.125000e+00 1.081032e-01
8.281250e+00 1.041883e-01
8.437500e+00 1.008086e-01
8.593750e+00 9.727258e-02
8.750000e+00 9.366185e-02
8.906250e+00 8.957199e-02
9.062500e+00 8.607148e-02
9.218750e+00 8.267818e-02
9.375000e+00 7.985926e-02
9.531250e+00 7.698128e-02
9.687500e+00 7.406629e-02
9.843750e+00 7.094131e-02
1.000000e+01 6.778440e-02
1.015625e+01 6.493354e-02
1.031250e+01 6.271357e-02
1.046875e+01 6.030962e-02
1.062500e+01 5.818559e-02
1.078125e+01 5.598900e-02
1.093750e+01 5.366979e-02
1.109375e+01 5.135055e-02
1.125000e+01 4.945977e-02
1.140625e+01 4.769772e-02
1.156250e+01 4.593726e-02
1.171875e+01 4.383552e-02
1.187500e+01 4.210810e-02
1.203125e+01 4.048494e-02
1.218750e+01 3.878288e-02
1.234375e+01 3.702805e-02
1.250000e+01 3.551486e-02
1.265625e+01 3.390937e-02
1.281250e+01 3.228504e-02
1.296875e+01 3.092151e-02
1.312500e+01 2.974338e-02
1.328125e+01 2.870203e-02
1.343750e+01 2.752299e-02
1.359375e+01 2.655178e-02
1.375000e+01 2.565435e-02
1.390625e+01 2.450722e-02
1.406250e+01 2.368884e-02
1.421875e+01 2.283535e-02
1.437500e+01 2.206898e-02
1.453125e+01 2.110413e-02
1.468750e+01 2.029622e-02
1.484375e+01 1.967327e-02
1.500000e+01 1.907404e-02
1.515625e+01 1.840696e-02
1.531250e+01 1.779193e-02
1.546875e+01 1.712487e-02
1.562500e+01 1.643157e-02
1.578125e+01 1.588400e-02
1.593750e+01 1.529279e-02
1.609375e+01 1.467004e-02
1.625000e+01 1.397078e-02
1.640625e+01 1.349919e-02
1.656250e+01 1.299253e-02
1.671875e+01 1.241598e-02
1.687500e+01 1.199072e-02
1.703125e+01 1.151241e-02
1.718750e+01 1.116460e-02
1.734375e+01 1.063907e-02
1.750000e+01 1.019727e-02
1.765625e+01 9.775229e-03
1.781250e+01 9.437915e-03
1.796875e+01 9.108879e-03
1.812500e+01 8.787322e-03
1.828125e+01 8.504036e-03
1.843750e+01 8.133163e-03
1.859375e+01 7.832739e-03
1.875000e+01 7.491482e-03
1.890625e+01 7.139719e-03
1.906250e+01 6.876452e-03
1.921875e+01 6.556208e-03
1.937500e+01 6.255480e-03
1.953125e+01 6.020153e-03
1.968750e+01 5.800407e-03
1.984375e+01 5.548309e-03
2.000000e+01 5.312966e-03
2.015625e+01 5.122369e-03
2.031250e+01 4.927469e-03
2.046875e+01 4.777883e-03
2.062500e+01 4.604652e-03
2.078125e+01 4.389406e-03
2.093750e+01 4.238775e-03
2.109375e+01 4.050287e-03
2.125000e+01 3.856582e-03
2.140625e+01 3.706084e-03
2.156250e+01 3.533692e-03
2.171875e+01 3.385287e-03
2.187500e+01 3.247890e-03
2.203125e+01 3.108403e-03
2.218750e+01 2.998583e-03
2.234375e+01 2.860924e-03
2.250000e+01 2.754721e-03
2.265625e+01 2.652839e-03
2.281250e+01 2.531726e-03
2.296875e+01 2.444131e-03
2.312500e+01 2.360672e-03
2.328125e+01 2.294182e-03
2.343750e+01 2.212277e-03
2.359375e+01 2.152887e-03
2.375000e+01 2.085821e-03
2.390625e+01 2.024438e-03
2.406250e+01 1.958360e-03
2.421875e+01 1.881002e-03
2.437500e+01 1.810112e-03
2.453125e+01 1.745577e-03
2.468750e+01 1.690931e-03
2.484375e+01 1.630648e-03
2.500000e+01 1.589235e-03
2.515625e+01 1.539436e-03
2.531250e+01 1.488682e-03
2.546875e+01 1.413807e-03
2.562500e+01 1.373287e-03
2.578125e+01 1.326429e-03
2.593750e+01 1.265573e-03
2.609375e+01 1.195703e-03
2.625000e+01 1.156588e-03
2.640625e+01 1.120614e-03
2.656250e+01 1.060072e-03
2.671875e+01 1.030857e-03
2.687500e+01 9.995680e-04
2.703125e+01 9.642069e-04
2.718750e+01 9.221863e-04
2.734375e+01 8.968522e-04
2.750000e+01 8.727119e-04
2.765625e+01 8.501955e-04
2.781250e+01 8.278887e-04
2.796875e+01 7.982689e-04
2.812500e+01 7.650718e-04
2.828125e+01 7.327512e-04
2.843750e+01 7.128900e-04
2.859375e+01 6.882787e-04
2.875000e+01 6.673093e-04
2.890625e+01 6.500989e-04
2.906250e+01 6.301669e-04
2.921875e+01 6.115223e-04
2.937500e+01 5.946338e-04
2.953125e+01 5.673355e-04
2.968750e+01 5.429717e-04
2.984375e+01 4.956336e-04
3.000000e+01 4.747014e-04
3.015625e+01 4.608074e-04
3.031250e+01 4.490854e-04
3.046875e+01 4.313406e-04
3.062500e+01 4.069258e-04
3.078125e+01 3.926875e-04
3.093750e+01 3.760550e-04
3.109375e+01 3.644546e-04
3.125000e+01 3.452175e-04
3.140625e+01 3.339273e-04
3.156250e+01 3.226727e-04
3.171875e+01 3.114926e-04
3.187500e+01 2.977909e-04
3.203125e+01 2.900848e-04
3.218750e+01 2.820434e-04
3.234375e+01 2.715175e-04
3.250000e+01 2.604032e-04
3.265625e+01 2.475525e-04
3.281250e+01 2.372404e-04
3.296875e+01 2.252619e-04
3.312500e+01 2.116218e-04
3.328125e+01 2.002375e-04
3.343750e+01 1.908409e-04
3.359375e+01 1.837822e-04
3.375000e+01 1.763476e-04
3.390625e+01 1.621325e-04
3.406250e+01 1.563265e-04
3.421875e+01 1.511075e-04
3.437500e+01 1.442919e-04
3.453125e+01 1.368827e-04
3.468750e+01 1.292864e-04
3.484375e+01 1.249715e-04
3.500000e+01 1.204673e-04
3.515625e+01 1.176344e-04
3.531250e+01 1.127716e-04
3.546875e+01 1.087382e-04
3.562500e+01 1.045779e-04
3.578125e+01 1.023288e-04
3.593750e+01 9.996458e-05
3.609375e+01 9.730760e-05
3.625000e+01 9.501604e-05
3.640625e+01 9.172765e-05
3.656250e+01 8.705048e-05
3.671875e+01 8.482513e-05
3.687500e+01 8.218913e-05
3.703125e+01 7.986147e-05
3.718750e+01 7.743555e-05
3.734375e+01 7.515457e-05
3.750000e+01 7.233570e-05
3.765625e+01 6.980700e-05
3.781250e+01 6.711829e-05
3.796875e+01 6.376845e-05
3.812500e+01 5.759764e-05
3.828125e+01 5.619224e-05
3.843750e+01 5.472612e-05
3.859375e+01 5.276406e-05
3.875000e+01 5.136328e-05
3.890625e+01 4.982224e-05
3.906250e+01 4.855442e-05
3.921875e+01 4.726703e-05
3.937500e+01 4.609197e-05
3.953125e+01 4.468395e-05
3.968750e+01 4.371226e-05
3.984375e+01 4.245390e-05
4.000000e+01 4.116863e-05
4.015625e+01 3.972927e-05
4.031250e+01 3.841216e-05
4.046875e+01 3.709843e-05
4.062500e+01 3.575704e-05
4.078125e+01 3.466632e-05
4.093750e+01 3.329059e-05
4.109375e+01 3.204842e-05
4.125000e+01 3.102722e-05
4.140625e+01 3.008012e-05
4.156250e+01 2.912690e-05
4.171875e+01 2.819692e-05
4.187500e+01 2.755777e-05
4.203125e+01 2.643191e-05
4.218750e+01 2.412355e-05
4.234375e+01 2.362552e-05
4.250000e+01 2.265915e-05
4.265625e+01 2.179966e-05
4.281250e+01 2.130730e-05
4.296875e+01 2.066740e-05
4.312500e+01 2.010510e-05
4.328125e+01 1.944023e-05
4.343750e+01 1.817436e-05
4.359375e+01 1.743370e-05
4.375000e+01 1.654956e-05
4.390625e+01 1.556696e-05
4.406250e+01 1.488131e-05
4.421875e+01 1.426986e-05
4.437500e+01 1.370377e-05
4.453125e+01 1.293202e-05
4.468750e+01 1.248905e-05
4.484375e+01 1.216561e-05
4.500000e+01 1.156131e-05
4.515625e+01 1.120608e-05
4.531250e+01 1.074269e-05
4.546875e+01 1.045967e-05
4.562500e+01 1.007086e-05
4.578125e+01 9.766894e-06
4.593750e+01 9.425751e-06
4.609375e+01 9.178704e-06
4.625000e+01 8.764713e-06
4.640625e+01 8.268660e-06
4.656250e+01 7.796566e-06
4.671875e+01 7.528566e-06
4.687500e+01 7.275483e-06
4.703125e+01 7.064954e-06
4.718750e+01 6.849479e-06
4.734375e+01 6.637217e-06
4.750000e+01 6.354276e-06
4.765625e+01 6.094844e-06
4.781250e+01 5.788835e-06
4.796875e+01 5.625140e-06
4.812500e+01 5.507422e-06
4.828125e+01 5.424342e-06
4.843750e+01 5.323073e-06
4.859375e+01 5.104094e-06
4.875000e+01 5.011495e-06
4.890625e+01 4.943029e-06
4.906250e+01 4.857949e-06
4.921875e+01 4.721196e-06
4.937500e+01 4.459748e-06
4.953125e+01 4.141432e-06
4.968750e+01 3.522307e-06
4.984375e+01 3.388365e-06
5.000000e+01 3.273443e-06
5.015625e+01 3.170125e-06
5.031250e+01 3.078615e-06
5.046875e+01 3.003822e-06
5.062500e+01 2.924675e-06
5.078125e+01 2.812072e-06
5.093750e+01 2.684479e-06
5.109375e+01 2.599427e-06
5.125000e+01 2.461339e-06
5.140625e+01 2.397532e-06
5.156250e+01 2.350967e-06
5.171875e+01 2.282424e-06
5.187500e+01 2.186993e-06
5.203125e+01 2.119652e-06
5.218750e+01 2.042925e-06
5.234375e+01 2.001167e-06
5.250000e+01 1.916999e-06
5.265625e+01 1.872360e-06
5.281250e+01 1.787408e-06
5.296875e+01 1.731839e-06
5.312500e+01 1.685213e-06
5.328125e+01 1.625487e-06
5.343750e+01 1.580053e-06
5.359375e+01 1.529908e-06
5.375000e+01 1.482583e-06
5.390625e+01 1.449100e-06
5.406250e+01 1.407086e-06
5.421875e+01 1.351747e-06
5.437500e+01 1.296845e-06
5.453125e+01 1.184526e-06
5.468750e+01 1.159194e-06
5.484375e+01 1.136600e-06
5.500000e+01 1.118256e-06
5.515625e+01 1.084983e-06
5.531250e+01 9.986108e-07
5.546875e+01 9.494709e-07
5.562500e+01 9.304195e-07
5.578125e+01 9.065315e-07
5.593750e+01 8.824453e-07
5.609375e+01 8.532862e-07
5.625000e+01 8.382680e-07
5.640625e+01 8.189244e-07
5.656250e+01 8.046337e-07
5.671875e+01 7.915745e-07
5.687500e+01 7.736200e-07
5.703125e+01 7.528575e-07
5.718750e+01 7.367551e-07
5.734375e+01 7.057689e-07
5.750000e+01 6.843419e-07
5.765625e+01 6.719071e-07
5.781250e+01 6.563265e-07
5.796875e+01 6.428159e-07
5.812500e+01 6.282782e-07
5.828125e+01 6.171578e-07
5.843750e+01 6.006481e-07
5.859375e+01 5.820923e-07
5.875000e+01 5.686910e-07
5.890625e+01 5.518054e-07
5.906250e+01 5.408837e-07
5.921875e+01 5.272869e-07
5.937500e+01 5.133790e-07
5.953125e+01 4.965951e-07
5.968750e+01 4.868474e-07
5.984375e+01 4.639854e-07
6.000000e+01 4.479767e-07
6.015625e+01 4.396348e-07
6.031250e+01 4.332557e-07
6.046875e+01 4.186399e-07
6.062500e+01 4.032745e-07
6.078125e+01 3.805366e-07
6.093750e+01 3.416528e-07
6.109375e+01 3.183029e-07
6.125000e+01 2.880297e-07
6.140625e+01 2.733579e-07
6.156250e+01 2.646125e-07
6.171875e+01 2.568841e-07
6.187500e+01 2.498495e-07
6.203125e+01 2.430391e-07
6.218750e+01 2.346188e-07
6.234375e+01 2.202276e-07
6.250000e+01 2.089721e-07
6.265625e+01 1.997714e-07
6.281250e+01 1.928041e-07
6.296875e+01 1.849674e-07
6.312500e+01 1.584755e-07
6.328125e+01 1.487438e-07
6.343750e+01 1.345650e-07
6.359375e+01 1.309319e-07
6.375000e+01 1.273591e-07
6.390625e+01 1.227215e-07
6.406250e+01 1.188979e-07
6.421875e+01 1.158282e-07
6.437500e+01 1.104464e-07
6.453125e+01 1.074855e-07
6.468750e+01 1.048813e-07
6.484375e+01 9.807891e-08
6.500000e+01 8.676083e-08
6.515625e+01 8.160282e-08
6.531250e+01 7.836869e-08
6.546875e+01 7.623401e-08
6.562500e+01 7.339938e-08
6.578125e+01 7.039594e-08
6.593750e+01 6.624874e-08
6.609375e+01 6.374334e-08
6.625000e+01 6.237037e-08
6.640625e+01 6.072659e-08
6.656250e+01 5.937419e-08
6.671875e+01 5.766013e-08
6.687500e+01 5.600571e-08
6.703125e+01 5.428605e-08
6.718750e+01 5.156771e-08
6.734375e+01 4.818722e-08
6.750000e+01 4.559348e-08
6.765625e+01 3.957852e-08
6.781250e+01 3.881479e-08
6.796875e+01 3.749758e-08
6.812500e+01 3.670547e-08
6.828125e+01 3.592592e-08
6.843750e+01 3.525845e-08
6.859375e+01 3.449396e-08
6.875000e+01 3.392399e-08
6.890625e+01 3.320111e-08
6.906250e+01 3.212726e-08
6.921875e+01 3.126841e-08
6.937500e+01 3.049081e-08
6.953125e+01 2.965458e-08
6.968750e+01 2.895800e-08
6.984375e+01 2.808238e-08
7.000000e+01 2.723358e-08
7.015625e+01 2.642972e-08
7.031250e+01 2.507548e-08
7.046875e+01 2.445984e-08
7.062500e+01 2.379233e-08
7.078125e+01 2.288635e-08
7.093750e+01 2.185344e-08
7.109375e+01 2.125978e-08
7.125000e+01 2.085238e-08
7.140625e+01 2.043833e-08
7.156250e+01 1.926827e-08
7.171875e+01 1.873810e-08
7.187500e+01 1.801272e-08
7.203125e+01 1.730378e-08
7.218750e+01 1.632081e-08
7.234375e+01 1.600779e-08
7.250000e+01 1.533933e-08
7.265625e+01 1.490132e-08
7.281250e+01 1.452344e-08
7.296875e+01 1.425652e-08
7.312500e+01 1.344498e-08
7.328125e+01 1.278671e-08
7.343750e+01 1.240476e-08
7.359375e+01 1.179175e-08
7.375000e+01 1.131984e-08
7.390625e+01 1.083256e-08
7.406250e+01 9.185991e-09
7.421875e+01 6.757204e-09
7.437500e+01 6.567768e-09
7.453125e+01 5.913784e-09
7.468750e+01 5.705711e-09
7.484375e+01 5.419770e-09
7.500000e+01 5.157757e-09
7.515625e+01 4.947539e-09
7.531250e+01 4.861549e-09
7.546875e+01 4.748833e-09
7.562500e+01 4.640423e-09
7.578125e+01 4.471844e-09
7.593750e+01 4.311483e-09
7.609375e+01 4.204954e-09
7.625000e+01 4.150859e-09
7.640625e+01 4.090914e-09
7.656250e+01 4.048524e-09
7.671875e+01 3.978705e-09
7.687500e+01 3.930680e-09
7.703125e+01 3.867295e-09
7.718750e+01 3.750841e-09
7.734375e+01 3.560403e-09
7.750000e+01 3.463115e-09
7.765625e+01 3.322122e-09
7.781250e+01 3.096175e-09
7.796875e+01 2.999871e-09
7.812500e+01 2.926326e-09
7.828125e+01 2.842689e-09
7.843750e+01 2.658071e-09
7.859375e+01 2.595321e-09
7.875000e+01 2.393366e-09
7.890625e+01 2.348040e-09
7.906250e+01 2.295676e-09
7.921875e+01 2.251735e-09
7.937500e+01 2.197303e-09
7.953125e+01 2.109370e-09
7.968750e+01 2.002936e-09
7.984375e+01 1.966716e-09
