# x[h^-1_cMpc]  F_mean
0.000000e+00 2.262523e-01
1.562500e-01 1.866596e-01
3.125000e-01 1.608661e-01
4.687500e-01 1.407667e-01
6.250000e-01 1.269979e-01
7.812500e-01 1.131659e-01
9.375000e-01 1.008788e-01
1.093750e+00 9.076957e-02
1.250000e+00 8.197446e-02
1.406250e+00 7.494064e-02
1.562500e+00 6.853643e-02
1.718750e+00 6.331275e-02
1.875000e+00 5.849114e-02
2.031250e+00 5.319782e-02
2.187500e+00 4.950305e-02
2.343750e+00 4.640711e-02
2.500000e+00 4.322051e-02
2.656250e+00 4.018990e-02
2.812500e+00 3.755165e-02
2.968750e+00 3.469503e-02
3.125000e+00 3.259609e-02
3.281250e+00 3.019467e-02
3.437500e+00 2.789708e-02
3.593750e+00 2.537977e-02
3.750000e+00 2.283011e-02
3.906250e+00 2.141190e-02
4.062500e+00 2.004913e-02
4.218750e+00 1.883009e-02
4.375000e+00 1.771798e-02
4.531250e+00 1.663593e-02
4.687500e+00 1.568335e-02
4.843750e+00 1.479186e-02
5.000000e+00 1.361696e-02
5.156250e+00 1.267265e-02
5.312500e+00 1.184943e-02
5.468750e+00 1.101662e-02
5.625000e+00 1.007052e-02
5.781250e+00 9.292653e-03
5.937500e+00 8.672638e-03
6.093750e+00 8.169985e-03
6.250000e+00 7.725898e-03
6.406250e+00 7.137755e-03
6.562500e+00 6.639751e-03
6.718750e+00 6.158987e-03
6.875000e+00 5.616617e-03
7.031250e+00 5.366868e-03
7.187500e+00 4.976537e-03
7.343750e+00 4.695697e-03
7.500000e+00 4.421252e-03
7.656250e+00 4.188587e-03
7.812500e+00 4.056069e-03
7.968750e+00 3.871281e-03
8.125000e+00 3.677839e-03
8.281250e+00 3.487691e-03
8.437500e+00 3.290564e-03
8.593750e+00 3.032729e-03
8.750000e+00 2.858678e-03
8.906250e+00 2.657642e-03
9.062500e+00 2.435831e-03
9.218750e+00 2.224529e-03
9.375000e+00 2.047060e-03
9.531250e+00 1.914884e-03
9.687500e+00 1.779599e-03
9.843750e+00 1.569348e-03
1.000000e+01 1.428955e-03
1.015625e+01 1.248355e-03
1.031250e+01 1.151733e-03
1.046875e+01 1.068174e-03
1.062500e+01 9.704754e-04
1.078125e+01 9.115968e-04
1.093750e+01 8.584853e-04
1.109375e+01 8.164868e-04
1.125000e+01 7.755825e-04
1.140625e+01 7.281881e-04
1.156250e+01 6.767159e-04
1.171875e+01 6.369178e-04
1.187500e+01 5.991476e-04
1.203125e+01 5.253615e-04
1.218750e+01 4.752129e-04
1.234375e+01 4.390650e-04
1.250000e+01 3.994882e-04
1.265625e+01 3.639092e-04
1.281250e+01 3.151964e-04
1.296875e+01 2.915244e-04
1.312500e+01 2.679965e-04
1.328125e+01 2.414572e-04
1.343750e+01 2.094505e-04
1.359375e+01 1.936342e-04
1.375000e+01 1.858582e-04
1.390625e+01 1.769575e-04
1.406250e+01 1.726705e-04
1.421875e+01 1.629177e-04
1.437500e+01 1.548606e-04
1.453125e+01 1.465531e-04
1.468750e+01 1.302422e-04
1.484375e+01 1.062977e-04
1.500000e+01 9.985749e-05
1.515625e+01 9.477943e-05
1.531250e+01 8.926277e-05
1.546875e+01 8.478846e-05
1.562500e+01 7.834815e-05
1.578125e+01 7.404602e-05
1.593750e+01 7.117862e-05
1.609375e+01 6.911946e-05
1.625000e+01 6.702590e-05
1.640625e+01 6.411821e-05
1.656250e+01 6.178272e-05
1.671875e+01 5.993468e-05
1.687500e+01 5.867274e-05
1.703125e+01 5.623269e-05
1.718750e+01 5.213365e-05
1.734375e+01 4.515868e-05
1.750000e+01 4.187328e-05
1.765625e+01 3.909712e-05
1.781250e+01 3.808234e-05
1.796875e+01 3.713551e-05
1.812500e+01 3.529042e-05
1.828125e+01 3.242193e-05
1.843750e+01 2.993514e-05
1.859375e+01 2.800417e-05
1.875000e+01 2.660373e-05
1.890625e+01 2.546547e-05
1.906250e+01 2.466461e-05
1.921875e+01 2.160926e-05
1.937500e+01 1.718877e-05
1.953125e+01 1.540318e-05
1.968750e+01 1.485880e-05
1.984375e+01 1.430719e-05
2.000000e+01 1.350377e-05
2.015625e+01 1.313446e-05
2.031250e+01 1.259532e-05
2.046875e+01 1.152840e-05
2.062500e+01 1.091281e-05
2.078125e+01 1.048967e-05
2.093750e+01 8.435760e-06
2.109375e+01 6.509621e-06
2.125000e+01 6.342075e-06
2.140625e+01 6.121916e-06
2.156250e+01 4.243648e-06
2.171875e+01 3.851197e-06
2.187500e+01 3.766447e-06
2.203125e+01 3.654978e-06
2.218750e+01 3.360575e-06
2.234375e+01 3.276549e-06
2.250000e+01 3.224608e-06
2.265625e+01 3.148886e-06
2.281250e+01 2.912030e-06
2.296875e+01 2.834868e-06
2.312500e+01 2.774413e-06
2.328125e+01 2.654830e-06
2.343750e+01 2.033609e-06
2.359375e+01 1.906340e-06
2.375000e+01 1.885717e-06
2.390625e+01 1.866194e-06
2.406250e+01 1.823834e-06
2.421875e+01 1.629028e-06
2.437500e+01 1.572933e-06
2.453125e+01 1.539854e-06
2.468750e+01 1.500936e-06
2.484375e+01 1.474750e-06
2.500000e+01 1.439751e-06
2.515625e+01 1.070198e-06
2.531250e+01 5.424644e-07
2.546875e+01 4.871535e-07
2.562500e+01 3.662493e-07
2.578125e+01 3.344914e-07
2.593750e+01 3.049959e-07
2.609375e+01 2.859909e-07
2.625000e+01 2.796818e-07
2.640625e+01 2.737944e-07
2.656250e+01 2.539798e-07
2.671875e+01 2.182195e-07
2.687500e+01 1.756368e-07
2.703125e+01 1.661142e-07
2.718750e+01 1.566430e-07
2.734375e+01 1.154695e-07
2.750000e+01 8.537879e-08
2.765625e+01 6.686322e-08
2.781250e+01 1.054316e-09
2.796875e+01 9.886685e-10
2.812500e+01 8.745261e-10
2.828125e+01 8.516664e-10
2.843750e+01 8.248895e-10
2.859375e+01 7.757301e-10
2.875000e+01 7.113631e-10
2.890625e+01 6.964989e-10
2.906250e+01 6.790769e-10
2.921875e+01 6.452378e-10
2.937500e+01 6.292571e-10
2.953125e+01 5.968582e-10
2.968750e+01 5.540265e-10
2.984375e+01 5.190075e-10
3.000000e+01 4.657717e-10
3.015625e+01 4.435581e-10
3.031250e+01 4.023702e-10
3.046875e+01 3.779926e-10
3.062500e+01 3.498519e-10
3.078125e+01 2.722991e-10
3.093750e+01 2.536111e-10
3.109375e+01 2.373866e-10
3.125000e+01 2.283164e-10
3.140625e+01 2.105644e-10
3.156250e+01 1.853220e-10
3.171875e+01 1.748882e-10
3.187500e+01 1.539607e-10
3.203125e+01 1.328473e-10
3.218750e+01 8.012954e-11
3.234375e+01 7.328341e-11
3.250000e+01 6.950571e-11
3.265625e+01 6.097529e-11
3.281250e+01 4.495549e-11
3.296875e+01 3.667384e-11
3.312500e+01 3.461968e-11
3.328125e+01 2.955602e-11
3.343750e+01 1.902043e-11
3.359375e+01 1.677322e-11
3.375000e+01 1.478159e-11
3.390625e+01 1.460661e-11
3.406250e+01 1.444917e-11
3.421875e+01 1.427261e-11
3.437500e+01 1.404262e-11
3.453125e+01 1.375130e-11
3.468750e+01 1.322088e-11
3.484375e+01 1.242011e-11
3.500000e+01 1.092843e-11
3.515625e+01 9.014776e-12
3.531250e+01 6.857324e-12
3.546875e+01 2.640744e-13
3.562500e+01 2.167501e-13
3.578125e+01 1.639768e-13
3.593750e+01 1.473687e-13
3.609375e+01 1.330532e-13
3.625000e+01 1.199484e-13
3.640625e+01 7.938087e-14
3.656250e+01 7.601409e-14
3.671875e+01 7.204315e-14
3.687500e+01 7.100763e-14
3.703125e+01 7.007767e-14
3.718750e+01 6.925212e-14
3.734375e+01 6.806528e-14
3.750000e+01 6.645109e-14
3.765625e+01 6.376045e-14
3.781250e+01 5.928767e-14
3.796875e+01 5.590993e-14
3.812500e+01 4.342330e-14
3.828125e+01 3.391045e-14
3.843750e+01 3.335412e-14
3.859375e+01 3.192624e-14
3.875000e+01 3.041749e-14
3.890625e+01 2.905960e-14
3.906250e+01 2.849822e-14
3.921875e+01 2.781139e-14
3.937500e+01 2.700140e-14
3.953125e+01 2.022947e-14
3.968750e+01 1.065580e-14
3.984375e+01 8.491562e-15
4.000000e+01 5.197488e-15
4.015625e+01 4.012346e-15
4.031250e+01 2.500856e-15
4.046875e+01 1.830372e-15
4.062500e+01 1.756363e-15
4.078125e+01 1.704654e-15
4.093750e+01 1.656750e-15
4.109375e+01 1.633337e-15
4.125000e+01 1.532827e-15
4.140625e+01 9.656133e-16
4.156250e+01 6.442134e-16
4.171875e+01 1.310716e-16
4.187500e+01 1.681877e-18
4.203125e+01 9.718932e-19
4.218750e+01 6.029796e-19
4.234375e+01 4.074238e-19
4.250000e+01 2.657003e-19
4.265625e+01 4.266995e-23
4.281250e+01 2.747793e-23
4.296875e+01 8.088913e-25
4.312500e+01 3.924773e-30
4.328125e+01 1.374875e-50
4.343750e+01 5.895498e-54
4.359375e+01 4.060823e-54
4.375000e+01 3.572439e-54
4.390625e+01 3.315739e-54
4.406250e+01 2.887901e-54
4.421875e+01 2.462749e-54
4.437500e+01 2.272514e-54
4.453125e+01 2.158857e-54
4.468750e+01 1.402598e-54
4.484375e+01 9.797443e-55
4.500000e+01 9.044749e-55
4.515625e+01 7.930203e-55
4.531250e+01 3.252906e-55
4.546875e+01 1.221951e-55
4.562500e+01 6.049539e-56
4.578125e+01 4.111260e-56
4.593750e+01 1.328330e-56
4.609375e+01 1.946602e-57
4.625000e+01 7.416606e-58
4.640625e+01 4.116388e-58
4.656250e+01 2.606690e-58
4.671875e+01 1.408885e-58
4.687500e+01 1.215179e-58
4.703125e+01 1.085281e-58
4.718750e+01 9.097820e-63
4.734375e+01 3.445153e-81
4.750000e+01 2.645998e-123
4.765625e+01 2.566748e-123
4.781250e+01 2.465747e-123
4.796875e+01 2.300839e-123
4.812500e+01 1.778244e-123
4.828125e+01 9.473218e-124
4.843750e+01 7.432631e-124
4.859375e+01 6.872311e-124
4.875000e+01 6.598057e-124
4.890625e+01 6.275272e-124
4.906250e+01 5.609286e-124
4.921875e+01 5.295687e-124
4.937500e+01 5.095460e-124
4.953125e+01 4.878124e-124
4.968750e+01 4.488835e-124
4.984375e+01 3.004550e-124
5.000000e+01 1.703363e-124
5.015625e+01 1.218660e-124
5.031250e+01 1.060253e-124
5.046875e+01 9.312099e-125
5.062500e+01 8.520413e-125
5.078125e+01 7.723199e-125
5.093750e+01 7.154308e-125
5.109375e+01 6.810970e-125
5.125000e+01 6.679469e-125
5.140625e+01 6.559923e-125
5.156250e+01 6.088567e-125
5.171875e+01 5.020475e-125
5.187500e+01 4.741567e-125
5.203125e+01 4.152893e-125
5.218750e+01 3.921868e-125
5.234375e+01 3.795942e-125
5.250000e+01 3.520182e-125
5.265625e+01 3.327834e-125
5.281250e+01 2.820778e-125
5.296875e+01 2.591068e-125
5.312500e+01 2.353984e-125
5.328125e+01 2.337163e-125
5.343750e+01 2.296431e-125
5.359375e+01 2.202562e-125
5.375000e+01 2.080118e-125
5.390625e+01 1.867019e-125
5.406250e+01 7.433179e-129
5.421875e+01 2.816887e-135
5.437500e+01 1.365203e-149
5.453125e+01 2.504141e-156
5.468750e+01 2.476668e-171
5.484375e+01 2.113171e-235
5.500000e+01 1.805975e-235
5.515625e+01 3.273388e-237
5.531250e+01 2.762663e-238
5.546875e+01 1.964238e-238
5.562500e+01 5.821443e-239
5.578125e+01 3.746980e-247
5.593750e+01 4.383300e-258
5.609375e+01 2.000442e-258
5.625000e+01 1.903423e-258
5.640625e+01 1.788638e-258
5.656250e+01 1.467107e-258
5.671875e+01 1.304922e-258
5.687500e+01 1.133359e-258
5.703125e+01 9.619416e-259
5.718750e+01 4.054246e-267
5.734375e+01 6.430312e-280
5.750000e+01 2.622215e-288
5.765625e+01 6.888379e-314
5.781250e+01 0.000000e+00
5.796875e+01 0.000000e+00
5.812500e+01 0.000000e+00
5.828125e+01 0.000000e+00
5.843750e+01 0.000000e+00
5.859375e+01 0.000000e+00
5.875000e+01 0.000000e+00
5.890625e+01 0.000000e+00
5.906250e+01 0.000000e+00
5.921875e+01 0.000000e+00
5.937500e+01 0.000000e+00
5.953125e+01 0.000000e+00
5.968750e+01 0.000000e+00
5.984375e+01 0.000000e+00
6.000000e+01 0.000000e+00
6.015625e+01 0.000000e+00
6.031250e+01 0.000000e+00
6.046875e+01 0.000000e+00
6.062500e+01 0.000000e+00
6.078125e+01 0.000000e+00
6.093750e+01 0.000000e+00
6.109375e+01 0.000000e+00
6.125000e+01 0.000000e+00
6.140625e+01 0.000000e+00
6.156250e+01 0.000000e+00
6.171875e+01 0.000000e+00
6.187500e+01 0.000000e+00
6.203125e+01 0.000000e+00
6.218750e+01 0.000000e+00
6.234375e+01 0.000000e+00
6.250000e+01 0.000000e+00
6.265625e+01 0.000000e+00
6.281250e+01 0.000000e+00
6.296875e+01 0.000000e+00
6.312500e+01 0.000000e+00
6.328125e+01 0.000000e+00
6.343750e+01 0.000000e+00
6.359375e+01 0.000000e+00
6.375000e+01 0.000000e+00
6.390625e+01 0.000000e+00
6.406250e+01 0.000000e+00
6.421875e+01 0.000000e+00
6.437500e+01 0.000000e+00
6.453125e+01 0.000000e+00
6.468750e+01 0.000000e+00
6.484375e+01 0.000000e+00
6.500000e+01 0.000000e+00
6.515625e+01 0.000000e+00
6.531250e+01 0.000000e+00
6.546875e+01 0.000000e+00
6.562500e+01 0.000000e+00
6.578125e+01 0.000000e+00
6.593750e+01 0.000000e+00
6.609375e+01 0.000000e+00
6.625000e+01 0.000000e+00
6.640625e+01 0.000000e+00
6.656250e+01 0.000000e+00
6.671875e+01 0.000000e+00
6.687500e+01 0.000000e+00
6.703125e+01 0.000000e+00
6.718750e+01 0.000000e+00
6.734375e+01 0.000000e+00
6.750000e+01 0.000000e+00
6.765625e+01 0.000000e+00
6.781250e+01 0.000000e+00
6.796875e+01 0.000000e+00
6.812500e+01 0.000000e+00
6.828125e+01 0.000000e+00
6.843750e+01 0.000000e+00
6.859375e+01 0.000000e+00
6.875000e+01 0.000000e+00
6.890625e+01 0.000000e+00
6.906250e+01 0.000000e+00
6.921875e+01 0.000000e+00
6.937500e+01 0.000000e+00
6.953125e+01 0.000000e+00
6.968750e+01 0.000000e+00
6.984375e+01 0.000000e+00
7.000000e+01 0.000000e+00
7.015625e+01 0.000000e+00
7.031250e+01 0.000000e+00
7.046875e+01 0.000000e+00
7.062500e+01 0.000000e+00
7.078125e+01 0.000000e+00
7.093750e+01 0.000000e+00
7.109375e+01 0.000000e+00
7.125000e+01 0.000000e+00
7.140625e+01 0.000000e+00
7.156250e+01 0.000000e+00
7.171875e+01 0.000000e+00
7.187500e+01 0.000000e+00
7.203125e+01 0.000000e+00
7.218750e+01 0.000000e+00
7.234375e+01 0.000000e+00
7.250000e+01 0.000000e+00
7.265625e+01 0.000000e+00
7.281250e+01 0.000000e+00
7.296875e+01 0.000000e+00
7.312500e+01 0.000000e+00
7.328125e+01 0.000000e+00
7.343750e+01 0.000000e+00
7.359375e+01 0.000000e+00
7.375000e+01 0.000000e+00
7.390625e+01 0.000000e+00
7.406250e+01 0.000000e+00
7.421875e+01 0.000000e+00
7.437500e+01 0.000000e+00
7.453125e+01 0.000000e+00
7.468750e+01 0.000000e+00
7.484375e+01 0.000000e+00
7.500000e+01 0.000000e+00
7.515625e+01 0.000000e+00
7.531250e+01 0.000000e+00
7.546875e+01 0.000000e+00
7.562500e+01 0.000000e+00
7.578125e+01 0.000000e+00
7.593750e+01 0.000000e+00
7.609375e+01 0.000000e+00
7.625000e+01 0.000000e+00
7.640625e+01 0.000000e+00
7.656250e+01 0.000000e+00
7.671875e+01 0.000000e+00
7.687500e+01 0.000000e+00
7.703125e+01 0.000000e+00
7.718750e+01 0.000000e+00
7.734375e+01 0.000000e+00
7.750000e+01 0.000000e+00
7.765625e+01 0.000000e+00
7.781250e+01 0.000000e+00
7.796875e+01 0.000000e+00
7.812500e+01 0.000000e+00
7.828125e+01 0.000000e+00
7.843750e+01 0.000000e+00
7.859375e+01 0.000000e+00
7.875000e+01 0.000000e+00
7.890625e+01 0.000000e+00
7.906250e+01 0.000000e+00
7.921875e+01 0.000000e+00
7.937500e+01 0.000000e+00
7.953125e+01 0.000000e+00
7.968750e+01 0.000000e+00
7.984375e+01 0.000000e+00
