# x[h^-1_cMpc]  F_mean
0.000000e+00 5.417345e-02
1.562500e-01 4.040742e-02
3.125000e-01 2.995987e-02
4.687500e-01 2.328846e-02
6.250000e-01 1.909101e-02
7.812500e-01 1.633657e-02
9.375000e-01 1.297746e-02
1.093750e+00 1.112285e-02
1.250000e+00 9.405432e-03
1.406250e+00 7.930769e-03
1.562500e+00 6.313414e-03
1.718750e+00 5.537923e-03
1.875000e+00 5.026779e-03
2.031250e+00 4.549118e-03
2.187500e+00 3.879304e-03
2.343750e+00 3.389489e-03
2.500000e+00 2.900052e-03
2.656250e+00 2.623355e-03
2.812500e+00 2.189586e-03
2.968750e+00 1.835248e-03
3.125000e+00 1.480351e-03
3.281250e+00 1.173278e-03
3.437500e+00 9.358742e-04
3.593750e+00 7.921931e-04
3.750000e+00 6.777299e-04
3.906250e+00 4.447878e-04
4.062500e+00 3.648152e-04
4.218750e+00 3.415137e-04
4.375000e+00 3.103190e-04
4.531250e+00 2.539186e-04
4.687500e+00 2.230823e-04
4.843750e+00 1.996606e-04
5.000000e+00 1.740649e-04
5.156250e+00 1.338559e-04
5.312500e+00 8.613359e-05
5.468750e+00 7.784567e-05
5.625000e+00 6.998403e-05
5.781250e+00 6.424432e-05
5.937500e+00 6.116802e-05
6.093750e+00 5.809344e-05
6.250000e+00 5.447972e-05
6.406250e+00 4.719373e-05
6.562500e+00 4.184561e-05
6.718750e+00 3.676111e-05
6.875000e+00 2.331965e-05
7.031250e+00 1.592231e-05
7.187500e+00 1.037483e-05
7.343750e+00 7.471325e-06
7.500000e+00 6.667901e-06
7.656250e+00 5.537464e-06
7.812500e+00 1.328593e-06
7.968750e+00 1.070055e-06
8.125000e+00 9.661866e-07
8.281250e+00 9.078187e-07
8.437500e+00 3.933960e-07
8.593750e+00 3.095525e-07
8.750000e+00 9.611013e-08
8.906250e+00 4.785891e-10
9.062500e+00 4.445930e-10
9.218750e+00 4.231239e-10
9.375000e+00 3.980728e-10
9.531250e+00 3.425175e-10
9.687500e+00 1.625617e-10
9.843750e+00 2.050130e-24
1.000000e+01 1.749603e-24
1.015625e+01 1.192757e-24
1.031250e+01 5.665072e-57
1.046875e+01 1.542456e-57
1.062500e+01 7.367820e-58
1.078125e+01 4.768358e-58
1.093750e+01 3.642518e-58
1.109375e+01 2.820653e-58
1.125000e+01 2.537470e-58
1.140625e+01 2.278051e-58
1.156250e+01 2.137752e-61
1.171875e+01 6.446703e-65
1.187500e+01 3.541359e-68
1.203125e+01 2.068531e-83
1.218750e+01 7.088007e-84
1.234375e+01 5.200102e-84
1.250000e+01 3.324577e-84
1.265625e+01 1.764609e-84
1.281250e+01 2.585836e-91
1.296875e+01 1.393573e-100
1.312500e+01 4.926545e-113
1.328125e+01 1.440946e-119
1.343750e+01 3.064811e-125
1.359375e+01 8.037304e-127
1.375000e+01 6.764834e-127
1.390625e+01 5.818802e-127
1.406250e+01 2.456557e-127
1.421875e+01 2.376536e-127
1.437500e+01 2.308776e-127
1.453125e+01 2.235571e-127
1.468750e+01 1.617056e-127
1.484375e+01 9.114172e-128
1.500000e+01 5.727069e-128
1.515625e+01 1.847508e-128
1.531250e+01 9.166509e-130
1.546875e+01 1.432016e-130
1.562500e+01 2.757282e-204
1.578125e+01 0.000000e+00
1.593750e+01 0.000000e+00
1.609375e+01 0.000000e+00
1.625000e+01 0.000000e+00
1.640625e+01 0.000000e+00
1.656250e+01 0.000000e+00
1.671875e+01 0.000000e+00
1.687500e+01 0.000000e+00
1.703125e+01 0.000000e+00
1.718750e+01 0.000000e+00
1.734375e+01 0.000000e+00
1.750000e+01 0.000000e+00
1.765625e+01 0.000000e+00
1.781250e+01 0.000000e+00
1.796875e+01 0.000000e+00
1.812500e+01 0.000000e+00
1.828125e+01 0.000000e+00
1.843750e+01 0.000000e+00
1.859375e+01 0.000000e+00
1.875000e+01 0.000000e+00
1.890625e+01 0.000000e+00
1.906250e+01 0.000000e+00
1.921875e+01 0.000000e+00
1.937500e+01 0.000000e+00
1.953125e+01 0.000000e+00
1.968750e+01 0.000000e+00
1.984375e+01 0.000000e+00
2.000000e+01 0.000000e+00
2.015625e+01 0.000000e+00
2.031250e+01 0.000000e+00
2.046875e+01 0.000000e+00
2.062500e+01 0.000000e+00
2.078125e+01 0.000000e+00
2.093750e+01 0.000000e+00
2.109375e+01 0.000000e+00
2.125000e+01 0.000000e+00
2.140625e+01 0.000000e+00
2.156250e+01 0.000000e+00
2.171875e+01 0.000000e+00
2.187500e+01 0.000000e+00
2.203125e+01 0.000000e+00
2.218750e+01 0.000000e+00
2.234375e+01 0.000000e+00
2.250000e+01 0.000000e+00
2.265625e+01 0.000000e+00
2.281250e+01 0.000000e+00
2.296875e+01 0.000000e+00
2.312500e+01 0.000000e+00
2.328125e+01 0.000000e+00
2.343750e+01 0.000000e+00
2.359375e+01 0.000000e+00
2.375000e+01 0.000000e+00
2.390625e+01 0.000000e+00
2.406250e+01 0.000000e+00
2.421875e+01 0.000000e+00
2.437500e+01 0.000000e+00
2.453125e+01 0.000000e+00
2.468750e+01 0.000000e+00
2.484375e+01 0.000000e+00
2.500000e+01 0.000000e+00
2.515625e+01 0.000000e+00
2.531250e+01 0.000000e+00
2.546875e+01 0.000000e+00
2.562500e+01 0.000000e+00
2.578125e+01 0.000000e+00
2.593750e+01 0.000000e+00
2.609375e+01 0.000000e+00
2.625000e+01 0.000000e+00
2.640625e+01 0.000000e+00
2.656250e+01 0.000000e+00
2.671875e+01 0.000000e+00
2.687500e+01 0.000000e+00
2.703125e+01 0.000000e+00
2.718750e+01 0.000000e+00
2.734375e+01 0.000000e+00
2.750000e+01 0.000000e+00
2.765625e+01 0.000000e+00
2.781250e+01 0.000000e+00
2.796875e+01 0.000000e+00
2.812500e+01 0.000000e+00
2.828125e+01 0.000000e+00
2.843750e+01 0.000000e+00
2.859375e+01 0.000000e+00
2.875000e+01 0.000000e+00
2.890625e+01 0.000000e+00
2.906250e+01 0.000000e+00
2.921875e+01 0.000000e+00
2.937500e+01 0.000000e+00
2.953125e+01 0.000000e+00
2.968750e+01 0.000000e+00
2.984375e+01 0.000000e+00
3.000000e+01 0.000000e+00
3.015625e+01 0.000000e+00
3.031250e+01 0.000000e+00
3.046875e+01 0.000000e+00
3.062500e+01 0.000000e+00
3.078125e+01 0.000000e+00
3.093750e+01 0.000000e+00
3.109375e+01 0.000000e+00
3.125000e+01 0.000000e+00
3.140625e+01 0.000000e+00
3.156250e+01 0.000000e+00
3.171875e+01 0.000000e+00
3.187500e+01 0.000000e+00
3.203125e+01 0.000000e+00
3.218750e+01 0.000000e+00
3.234375e+01 0.000000e+00
3.250000e+01 0.000000e+00
3.265625e+01 0.000000e+00
3.281250e+01 0.000000e+00
3.296875e+01 0.000000e+00
3.312500e+01 0.000000e+00
3.328125e+01 0.000000e+00
3.343750e+01 0.000000e+00
3.359375e+01 0.000000e+00
3.375000e+01 0.000000e+00
3.390625e+01 0.000000e+00
3.406250e+01 0.000000e+00
3.421875e+01 0.000000e+00
3.437500e+01 0.000000e+00
3.453125e+01 0.000000e+00
3.468750e+01 0.000000e+00
3.484375e+01 0.000000e+00
3.500000e+01 0.000000e+00
3.515625e+01 0.000000e+00
3.531250e+01 0.000000e+00
3.546875e+01 0.000000e+00
3.562500e+01 0.000000e+00
3.578125e+01 0.000000e+00
3.593750e+01 0.000000e+00
3.609375e+01 0.000000e+00
3.625000e+01 0.000000e+00
3.640625e+01 0.000000e+00
3.656250e+01 0.000000e+00
3.671875e+01 0.000000e+00
3.687500e+01 0.000000e+00
3.703125e+01 0.000000e+00
3.718750e+01 0.000000e+00
3.734375e+01 0.000000e+00
3.750000e+01 0.000000e+00
3.765625e+01 0.000000e+00
3.781250e+01 0.000000e+00
3.796875e+01 0.000000e+00
3.812500e+01 0.000000e+00
3.828125e+01 0.000000e+00
3.843750e+01 0.000000e+00
3.859375e+01 0.000000e+00
3.875000e+01 0.000000e+00
3.890625e+01 0.000000e+00
3.906250e+01 0.000000e+00
3.921875e+01 0.000000e+00
3.937500e+01 0.000000e+00
3.953125e+01 0.000000e+00
3.968750e+01 0.000000e+00
3.984375e+01 0.000000e+00
4.000000e+01 0.000000e+00
4.015625e+01 0.000000e+00
4.031250e+01 0.000000e+00
4.046875e+01 0.000000e+00
4.062500e+01 0.000000e+00
4.078125e+01 0.000000e+00
4.093750e+01 0.000000e+00
4.109375e+01 0.000000e+00
4.125000e+01 0.000000e+00
4.140625e+01 0.000000e+00
4.156250e+01 0.000000e+00
4.171875e+01 0.000000e+00
4.187500e+01 0.000000e+00
4.203125e+01 0.000000e+00
4.218750e+01 0.000000e+00
4.234375e+01 0.000000e+00
4.250000e+01 0.000000e+00
4.265625e+01 0.000000e+00
4.281250e+01 0.000000e+00
4.296875e+01 0.000000e+00
4.312500e+01 0.000000e+00
4.328125e+01 0.000000e+00
4.343750e+01 0.000000e+00
4.359375e+01 0.000000e+00
4.375000e+01 0.000000e+00
4.390625e+01 0.000000e+00
4.406250e+01 0.000000e+00
4.421875e+01 0.000000e+00
4.437500e+01 0.000000e+00
4.453125e+01 0.000000e+00
4.468750e+01 0.000000e+00
4.484375e+01 0.000000e+00
4.500000e+01 0.000000e+00
4.515625e+01 0.000000e+00
4.531250e+01 0.000000e+00
4.546875e+01 0.000000e+00
4.562500e+01 0.000000e+00
4.578125e+01 0.000000e+00
4.593750e+01 0.000000e+00
4.609375e+01 0.000000e+00
4.625000e+01 0.000000e+00
4.640625e+01 0.000000e+00
4.656250e+01 0.000000e+00
4.671875e+01 0.000000e+00
4.687500e+01 0.000000e+00
4.703125e+01 0.000000e+00
4.718750e+01 0.000000e+00
4.734375e+01 0.000000e+00
4.750000e+01 0.000000e+00
4.765625e+01 0.000000e+00
4.781250e+01 0.000000e+00
4.796875e+01 0.000000e+00
4.812500e+01 0.000000e+00
4.828125e+01 0.000000e+00
4.843750e+01 0.000000e+00
4.859375e+01 0.000000e+00
4.875000e+01 0.000000e+00
4.890625e+01 0.000000e+00
4.906250e+01 0.000000e+00
4.921875e+01 0.000000e+00
4.937500e+01 0.000000e+00
4.953125e+01 0.000000e+00
4.968750e+01 0.000000e+00
4.984375e+01 0.000000e+00
5.000000e+01 0.000000e+00
5.015625e+01 0.000000e+00
5.031250e+01 0.000000e+00
5.046875e+01 0.000000e+00
5.062500e+01 0.000000e+00
5.078125e+01 0.000000e+00
5.093750e+01 0.000000e+00
5.109375e+01 0.000000e+00
5.125000e+01 0.000000e+00
5.140625e+01 0.000000e+00
5.156250e+01 0.000000e+00
5.171875e+01 0.000000e+00
5.187500e+01 0.000000e+00
5.203125e+01 0.000000e+00
5.218750e+01 0.000000e+00
5.234375e+01 0.000000e+00
5.250000e+01 0.000000e+00
5.265625e+01 0.000000e+00
5.281250e+01 0.000000e+00
5.296875e+01 0.000000e+00
5.312500e+01 0.000000e+00
5.328125e+01 0.000000e+00
5.343750e+01 0.000000e+00
5.359375e+01 0.000000e+00
5.375000e+01 0.000000e+00
5.390625e+01 0.000000e+00
5.406250e+01 0.000000e+00
5.421875e+01 0.000000e+00
5.437500e+01 0.000000e+00
5.453125e+01 0.000000e+00
5.468750e+01 0.000000e+00
5.484375e+01 0.000000e+00
5.500000e+01 0.000000e+00
5.515625e+01 0.000000e+00
5.531250e+01 0.000000e+00
5.546875e+01 0.000000e+00
5.562500e+01 0.000000e+00
5.578125e+01 0.000000e+00
5.593750e+01 0.000000e+00
5.609375e+01 0.000000e+00
5.625000e+01 0.000000e+00
5.640625e+01 0.000000e+00
5.656250e+01 0.000000e+00
5.671875e+01 0.000000e+00
5.687500e+01 0.000000e+00
5.703125e+01 0.000000e+00
5.718750e+01 0.000000e+00
5.734375e+01 0.000000e+00
5.750000e+01 0.000000e+00
5.765625e+01 0.000000e+00
5.781250e+01 0.000000e+00
5.796875e+01 0.000000e+00
5.812500e+01 0.000000e+00
5.828125e+01 0.000000e+00
5.843750e+01 0.000000e+00
5.859375e+01 0.000000e+00
5.875000e+01 0.000000e+00
5.890625e+01 0.000000e+00
5.906250e+01 0.000000e+00
5.921875e+01 0.000000e+00
5.937500e+01 0.000000e+00
5.953125e+01 0.000000e+00
5.968750e+01 0.000000e+00
5.984375e+01 0.000000e+00
6.000000e+01 0.000000e+00
6.015625e+01 0.000000e+00
6.031250e+01 0.000000e+00
6.046875e+01 0.000000e+00
6.062500e+01 0.000000e+00
6.078125e+01 0.000000e+00
6.093750e+01 0.000000e+00
6.109375e+01 0.000000e+00
6.125000e+01 0.000000e+00
6.140625e+01 0.000000e+00
6.156250e+01 0.000000e+00
6.171875e+01 0.000000e+00
6.187500e+01 0.000000e+00
6.203125e+01 0.000000e+00
6.218750e+01 0.000000e+00
6.234375e+01 0.000000e+00
6.250000e+01 0.000000e+00
6.265625e+01 0.000000e+00
6.281250e+01 0.000000e+00
6.296875e+01 0.000000e+00
6.312500e+01 0.000000e+00
6.328125e+01 0.000000e+00
6.343750e+01 0.000000e+00
6.359375e+01 0.000000e+00
6.375000e+01 0.000000e+00
6.390625e+01 0.000000e+00
6.406250e+01 0.000000e+00
6.421875e+01 0.000000e+00
6.437500e+01 0.000000e+00
6.453125e+01 0.000000e+00
6.468750e+01 0.000000e+00
6.484375e+01 0.000000e+00
6.500000e+01 0.000000e+00
6.515625e+01 0.000000e+00
6.531250e+01 0.000000e+00
6.546875e+01 0.000000e+00
6.562500e+01 0.000000e+00
6.578125e+01 0.000000e+00
6.593750e+01 0.000000e+00
6.609375e+01 0.000000e+00
6.625000e+01 0.000000e+00
6.640625e+01 0.000000e+00
6.656250e+01 0.000000e+00
6.671875e+01 0.000000e+00
6.687500e+01 0.000000e+00
6.703125e+01 0.000000e+00
6.718750e+01 0.000000e+00
6.734375e+01 0.000000e+00
6.750000e+01 0.000000e+00
6.765625e+01 0.000000e+00
6.781250e+01 0.000000e+00
6.796875e+01 0.000000e+00
6.812500e+01 0.000000e+00
6.828125e+01 0.000000e+00
6.843750e+01 0.000000e+00
6.859375e+01 0.000000e+00
6.875000e+01 0.000000e+00
6.890625e+01 0.000000e+00
6.906250e+01 0.000000e+00
6.921875e+01 0.000000e+00
6.937500e+01 0.000000e+00
6.953125e+01 0.000000e+00
6.968750e+01 0.000000e+00
6.984375e+01 0.000000e+00
7.000000e+01 0.000000e+00
7.015625e+01 0.000000e+00
7.031250e+01 0.000000e+00
7.046875e+01 0.000000e+00
7.062500e+01 0.000000e+00
7.078125e+01 0.000000e+00
7.093750e+01 0.000000e+00
7.109375e+01 0.000000e+00
7.125000e+01 0.000000e+00
7.140625e+01 0.000000e+00
7.156250e+01 0.000000e+00
7.171875e+01 0.000000e+00
7.187500e+01 0.000000e+00
7.203125e+01 0.000000e+00
7.218750e+01 0.000000e+00
7.234375e+01 0.000000e+00
7.250000e+01 0.000000e+00
7.265625e+01 0.000000e+00
7.281250e+01 0.000000e+00
7.296875e+01 0.000000e+00
7.312500e+01 0.000000e+00
7.328125e+01 0.000000e+00
7.343750e+01 0.000000e+00
7.359375e+01 0.000000e+00
7.375000e+01 0.000000e+00
7.390625e+01 0.000000e+00
7.406250e+01 0.000000e+00
7.421875e+01 0.000000e+00
7.437500e+01 0.000000e+00
7.453125e+01 0.000000e+00
7.468750e+01 0.000000e+00
7.484375e+01 0.000000e+00
7.500000e+01 0.000000e+00
7.515625e+01 0.000000e+00
7.531250e+01 0.000000e+00
7.546875e+01 0.000000e+00
7.562500e+01 0.000000e+00
7.578125e+01 0.000000e+00
7.593750e+01 0.000000e+00
7.609375e+01 0.000000e+00
7.625000e+01 0.000000e+00
7.640625e+01 0.000000e+00
7.656250e+01 0.000000e+00
7.671875e+01 0.000000e+00
7.687500e+01 0.000000e+00
7.703125e+01 0.000000e+00
7.718750e+01 0.000000e+00
7.734375e+01 0.000000e+00
7.750000e+01 0.000000e+00
7.765625e+01 0.000000e+00
7.781250e+01 0.000000e+00
7.796875e+01 0.000000e+00
7.812500e+01 0.000000e+00
7.828125e+01 0.000000e+00
7.843750e+01 0.000000e+00
7.859375e+01 0.000000e+00
7.875000e+01 0.000000e+00
7.890625e+01 0.000000e+00
7.906250e+01 0.000000e+00
7.921875e+01 0.000000e+00
7.937500e+01 0.000000e+00
7.953125e+01 0.000000e+00
7.968750e+01 0.000000e+00
7.984375e+01 0.000000e+00
