# x[h^-1_cMpc]  F_mean
0.000000e+00 3.915641e-01
1.562500e-01 3.570629e-01
3.125000e-01 3.335725e-01
4.687500e-01 3.173537e-01
6.250000e-01 3.004111e-01
7.812500e-01 2.887897e-01
9.375000e-01 2.789080e-01
1.093750e+00 2.684005e-01
1.250000e+00 2.582419e-01
1.406250e+00 2.494262e-01
1.562500e+00 2.417431e-01
1.718750e+00 2.318623e-01
1.875000e+00 2.241017e-01
2.031250e+00 2.159065e-01
2.187500e+00 2.093346e-01
2.343750e+00 2.018622e-01
2.500000e+00 1.942040e-01
2.656250e+00 1.869613e-01
2.812500e+00 1.781795e-01
2.968750e+00 1.713199e-01
3.125000e+00 1.649655e-01
3.281250e+00 1.592837e-01
3.437500e+00 1.544567e-01
3.593750e+00 1.476097e-01
3.750000e+00 1.416965e-01
3.906250e+00 1.368291e-01
4.062500e+00 1.322703e-01
4.218750e+00 1.275422e-01
4.375000e+00 1.234015e-01
4.531250e+00 1.197250e-01
4.687500e+00 1.155972e-01
4.843750e+00 1.115549e-01
5.000000e+00 1.071918e-01
5.156250e+00 1.028285e-01
5.312500e+00 9.931097e-02
5.468750e+00 9.639178e-02
5.625000e+00 9.247704e-02
5.781250e+00 8.933097e-02
5.937500e+00 8.697237e-02
6.093750e+00 8.491737e-02
6.250000e+00 8.291963e-02
6.406250e+00 8.040069e-02
6.562500e+00 7.802918e-02
6.718750e+00 7.604647e-02
6.875000e+00 7.416785e-02
7.031250e+00 7.214323e-02
7.187500e+00 7.059389e-02
7.343750e+00 6.877784e-02
7.500000e+00 6.701501e-02
7.656250e+00 6.561885e-02
7.812500e+00 6.397453e-02
7.968750e+00 6.194446e-02
8.125000e+00 5.993680e-02
8.281250e+00 5.841375e-02
8.437500e+00 5.691465e-02
8.593750e+00 5.534218e-02
8.750000e+00 5.405349e-02
8.906250e+00 5.280469e-02
9.062500e+00 5.178001e-02
9.218750e+00 5.062148e-02
9.375000e+00 4.967539e-02
9.531250e+00 4.854825e-02
9.687500e+00 4.741567e-02
9.843750e+00 4.603473e-02
1.000000e+01 4.425492e-02
1.015625e+01 4.256644e-02
1.031250e+01 4.090816e-02
1.046875e+01 3.956733e-02
1.062500e+01 3.827051e-02
1.078125e+01 3.676426e-02
1.093750e+01 3.546988e-02
1.109375e+01 3.417379e-02
1.125000e+01 3.297091e-02
1.140625e+01 3.168679e-02
1.156250e+01 2.995828e-02
1.171875e+01 2.853564e-02
1.187500e+01 2.730803e-02
1.203125e+01 2.575810e-02
1.218750e+01 2.432461e-02
1.234375e+01 2.279298e-02
1.250000e+01 2.171980e-02
1.265625e+01 2.085097e-02
1.281250e+01 2.015182e-02
1.296875e+01 1.921105e-02
1.312500e+01 1.841998e-02
1.328125e+01 1.737909e-02
1.343750e+01 1.693068e-02
1.359375e+01 1.615565e-02
1.375000e+01 1.537082e-02
1.390625e+01 1.484222e-02
1.406250e+01 1.421555e-02
1.421875e+01 1.370493e-02
1.437500e+01 1.321365e-02
1.453125e+01 1.286746e-02
1.468750e+01 1.241742e-02
1.484375e+01 1.207002e-02
1.500000e+01 1.182849e-02
1.515625e+01 1.145926e-02
1.531250e+01 1.096159e-02
1.546875e+01 1.072351e-02
1.562500e+01 1.043730e-02
1.578125e+01 1.013945e-02
1.593750e+01 9.864317e-03
1.609375e+01 9.628631e-03
1.625000e+01 9.417500e-03
1.640625e+01 9.147969e-03
1.656250e+01 9.029662e-03
1.671875e+01 8.930610e-03
1.687500e+01 8.772891e-03
1.703125e+01 8.626688e-03
1.718750e+01 8.515438e-03
1.734375e+01 8.374626e-03
1.750000e+01 8.229628e-03
1.765625e+01 8.084351e-03
1.781250e+01 7.911410e-03
1.796875e+01 7.561100e-03
1.812500e+01 7.434639e-03
1.828125e+01 7.241507e-03
1.843750e+01 7.043820e-03
1.859375e+01 6.862660e-03
1.875000e+01 6.624183e-03
1.890625e+01 6.478932e-03
1.906250e+01 6.385923e-03
1.921875e+01 6.335353e-03
1.937500e+01 6.251651e-03
1.953125e+01 6.151900e-03
1.968750e+01 6.071616e-03
1.984375e+01 5.934493e-03
2.000000e+01 5.837886e-03
2.015625e+01 5.732554e-03
2.031250e+01 5.642185e-03
2.046875e+01 5.535208e-03
2.062500e+01 5.455369e-03
2.078125e+01 5.406981e-03
2.093750e+01 5.328830e-03
2.109375e+01 5.206097e-03
2.125000e+01 5.113765e-03
2.140625e+01 5.002451e-03
2.156250e+01 4.877465e-03
2.171875e+01 4.730457e-03
2.187500e+01 4.603598e-03
2.203125e+01 4.343933e-03
2.218750e+01 4.163550e-03
2.234375e+01 3.993153e-03
2.250000e+01 3.928119e-03
2.265625e+01 3.879757e-03
2.281250e+01 3.800769e-03
2.296875e+01 3.731628e-03
2.312500e+01 3.655298e-03
2.328125e+01 3.557415e-03
2.343750e+01 3.443911e-03
2.359375e+01 3.287315e-03
2.375000e+01 3.220438e-03
2.390625e+01 3.161135e-03
2.406250e+01 3.080271e-03
2.421875e+01 2.771486e-03
2.437500e+01 2.503992e-03
2.453125e+01 2.256559e-03
2.468750e+01 2.175603e-03
2.484375e+01 2.087481e-03
2.500000e+01 1.999335e-03
2.515625e+01 1.954131e-03
2.531250e+01 1.932675e-03
2.546875e+01 1.884530e-03
2.562500e+01 1.800040e-03
2.578125e+01 1.789415e-03
2.593750e+01 1.771295e-03
2.609375e+01 1.719736e-03
2.625000e+01 1.702088e-03
2.640625e+01 1.688631e-03
2.656250e+01 1.669780e-03
2.671875e+01 1.656008e-03
2.687500e+01 1.640122e-03
2.703125e+01 1.615320e-03
2.718750e+01 1.584891e-03
2.734375e+01 1.570824e-03
2.750000e+01 1.546912e-03
2.765625e+01 1.495798e-03
2.781250e+01 1.461939e-03
2.796875e+01 1.412530e-03
2.812500e+01 1.337874e-03
2.828125e+01 1.333993e-03
2.843750e+01 1.331141e-03
2.859375e+01 1.325985e-03
2.875000e+01 1.314859e-03
2.890625e+01 1.308342e-03
2.906250e+01 1.303148e-03
2.921875e+01 1.299628e-03
2.937500e+01 1.296379e-03
2.953125e+01 1.291393e-03
2.968750e+01 1.271580e-03
2.984375e+01 1.250762e-03
3.000000e+01 1.203603e-03
3.015625e+01 1.170858e-03
3.031250e+01 1.105199e-03
3.046875e+01 1.038785e-03
3.062500e+01 9.502516e-04
3.078125e+01 8.389228e-04
3.093750e+01 7.695217e-04
3.109375e+01 7.074612e-04
3.125000e+01 6.508741e-04
3.140625e+01 6.342510e-04
3.156250e+01 6.023061e-04
3.171875e+01 5.965855e-04
3.187500e+01 5.810906e-04
3.203125e+01 5.682203e-04
3.218750e+01 5.571859e-04
3.234375e+01 5.053926e-04
3.250000e+01 4.596894e-04
3.265625e+01 4.139546e-04
3.281250e+01 3.842234e-04
3.296875e+01 3.417340e-04
3.312500e+01 3.244452e-04
3.328125e+01 3.126545e-04
3.343750e+01 3.054138e-04
3.359375e+01 3.009029e-04
3.375000e+01 2.896493e-04
3.390625e+01 2.693979e-04
3.406250e+01 2.372436e-04
3.421875e+01 2.252013e-04
3.437500e+01 2.206677e-04
3.453125e+01 2.171218e-04
3.468750e+01 2.148165e-04
3.484375e+01 2.113455e-04
3.500000e+01 2.051856e-04
3.515625e+01 2.038391e-04
3.531250e+01 2.029244e-04
3.546875e+01 2.005642e-04
3.562500e+01 1.937182e-04
3.578125e+01 1.902434e-04
3.593750e+01 1.859209e-04
3.609375e+01 1.770841e-04
3.625000e+01 1.692458e-04
3.640625e+01 1.015329e-04
3.656250e+01 8.242564e-05
3.671875e+01 8.188414e-05
3.687500e+01 8.129926e-05
3.703125e+01 8.083386e-05
3.718750e+01 8.019852e-05
3.734375e+01 7.937416e-05
3.750000e+01 7.825313e-05
3.765625e+01 7.805754e-05
3.781250e+01 7.753648e-05
3.796875e+01 7.745571e-05
3.812500e+01 7.720750e-05
3.828125e+01 7.711121e-05
3.843750e+01 7.687907e-05
3.859375e+01 7.668436e-05
3.875000e+01 7.654399e-05
3.890625e+01 7.625044e-05
3.906250e+01 7.537961e-05
3.921875e+01 7.463034e-05
3.937500e+01 7.447571e-05
3.953125e+01 7.422426e-05
3.968750e+01 7.400748e-05
3.984375e+01 7.358154e-05
4.000000e+01 7.245820e-05
4.015625e+01 7.056556e-05
4.031250e+01 6.418255e-05
4.046875e+01 4.970948e-05
4.062500e+01 3.396527e-05
4.078125e+01 2.825265e-05
4.093750e+01 6.351833e-06
4.109375e+01 5.782864e-06
4.125000e+01 5.583172e-06
4.140625e+01 5.327560e-06
4.156250e+01 5.226837e-06
4.171875e+01 5.174058e-06
4.187500e+01 5.046418e-06
4.203125e+01 4.838291e-06
4.218750e+01 4.751247e-06
4.234375e+01 4.684917e-06
4.250000e+01 4.592554e-06
4.265625e+01 4.507701e-06
4.281250e+01 4.255176e-06
4.296875e+01 3.672013e-06
4.312500e+01 2.426579e-06
4.328125e+01 1.522275e-06
4.343750e+01 1.012997e-06
4.359375e+01 8.672547e-07
4.375000e+01 7.382343e-07
4.390625e+01 6.210386e-07
4.406250e+01 4.773332e-07
4.421875e+01 4.576823e-07
4.437500e+01 3.723121e-07
4.453125e+01 3.602290e-07
4.468750e+01 3.586900e-07
4.484375e+01 3.543383e-07
4.500000e+01 3.487339e-07
4.515625e+01 3.406169e-07
4.531250e+01 3.347276e-07
4.546875e+01 3.320306e-07
4.562500e+01 3.289422e-07
4.578125e+01 3.185487e-07
4.593750e+01 2.847068e-07
4.609375e+01 2.824110e-07
4.625000e+01 2.774321e-07
4.640625e+01 2.680574e-07
4.656250e+01 2.524961e-07
4.671875e+01 2.271141e-07
4.687500e+01 1.563032e-07
4.703125e+01 1.036112e-07
4.718750e+01 6.395830e-08
4.734375e+01 4.555665e-08
4.750000e+01 3.889877e-08
4.765625e+01 3.640152e-08
4.781250e+01 3.487473e-08
4.796875e+01 3.211397e-08
4.812500e+01 3.156030e-08
4.828125e+01 3.090383e-08
4.843750e+01 3.062157e-08
4.859375e+01 3.032415e-08
4.875000e+01 3.004719e-08
4.890625e+01 2.918325e-08
4.906250e+01 1.609467e-09
4.921875e+01 1.150406e-12
4.937500e+01 9.562478e-32
4.953125e+01 6.737354e-62
4.968750e+01 2.574605e-95
4.984375e+01 2.572718e-95
5.000000e+01 2.560802e-95
5.015625e+01 2.559576e-95
5.031250e+01 2.558906e-95
5.046875e+01 2.558357e-95
5.062500e+01 2.558005e-95
5.078125e+01 2.557331e-95
5.093750e+01 2.556322e-95
5.109375e+01 2.555759e-95
5.125000e+01 2.555054e-95
5.140625e+01 2.554158e-95
5.156250e+01 2.553642e-95
5.171875e+01 2.553310e-95
5.187500e+01 2.551462e-95
5.203125e+01 2.550145e-95
5.218750e+01 2.547950e-95
5.234375e+01 2.541481e-95
5.250000e+01 2.541121e-95
5.265625e+01 2.540774e-95
5.281250e+01 2.540524e-95
5.296875e+01 2.539263e-95
5.312500e+01 2.537748e-95
5.328125e+01 2.537619e-95
5.343750e+01 2.537070e-95
5.359375e+01 2.536359e-95
5.375000e+01 2.535515e-95
5.390625e+01 2.533119e-95
5.406250e+01 2.528658e-95
5.421875e+01 2.527111e-95
5.437500e+01 2.526009e-95
5.453125e+01 2.523214e-95
5.468750e+01 2.521404e-95
5.484375e+01 2.497711e-95
5.500000e+01 2.480265e-95
5.515625e+01 2.479452e-95
5.531250e+01 2.477957e-95
5.546875e+01 2.471054e-95
5.562500e+01 2.464846e-95
5.578125e+01 2.457210e-95
5.593750e+01 2.448518e-95
5.609375e+01 2.432002e-95
5.625000e+01 2.404530e-95
5.640625e+01 2.224877e-95
5.656250e+01 1.997162e-95
5.671875e+01 1.646912e-95
5.687500e+01 1.553251e-95
5.703125e+01 1.532214e-95
5.718750e+01 1.511901e-95
5.734375e+01 1.483123e-95
5.750000e+01 1.354462e-95
5.765625e+01 8.261476e-96
5.781250e+01 8.231360e-96
5.796875e+01 8.213218e-96
5.812500e+01 8.148322e-96
5.828125e+01 8.040945e-96
5.843750e+01 7.862512e-96
5.859375e+01 6.711226e-96
5.875000e+01 5.007816e-96
5.890625e+01 4.886467e-96
5.906250e+01 4.659810e-96
5.921875e+01 4.376472e-96
5.937500e+01 5.305494e-98
5.953125e+01 2.595501e-104
5.968750e+01 3.245889e-109
5.984375e+01 1.743765e-115
6.000000e+01 2.548801e-123
6.015625e+01 1.162438e-164
6.031250e+01 1.466625e-173
6.046875e+01 1.443776e-173
6.062500e+01 1.430902e-173
6.078125e+01 1.425833e-173
6.093750e+01 1.423794e-173
6.109375e+01 1.414554e-173
6.125000e+01 1.398002e-173
6.140625e+01 1.393350e-173
6.156250e+01 1.373877e-173
6.171875e+01 1.351376e-173
6.187500e+01 1.347311e-173
6.203125e+01 1.341983e-173
6.218750e+01 1.321273e-173
6.234375e+01 1.294885e-173
6.250000e+01 1.273439e-173
6.265625e+01 1.239762e-173
6.281250e+01 1.154809e-173
6.296875e+01 9.712946e-174
6.312500e+01 1.062302e-177
6.328125e+01 4.763318e-183
6.343750e+01 1.273070e-186
6.359375e+01 4.877758e-189
6.375000e+01 3.673498e-189
6.390625e+01 3.663256e-189
6.406250e+01 3.660881e-189
6.421875e+01 3.656262e-189
6.437500e+01 3.642912e-189
6.453125e+01 3.620438e-189
6.468750e+01 3.596932e-189
6.484375e+01 3.581915e-189
6.500000e+01 3.531753e-189
6.515625e+01 3.413563e-189
6.531250e+01 3.278235e-189
6.546875e+01 3.184113e-189
6.562500e+01 3.106651e-189
6.578125e+01 2.908658e-189
6.593750e+01 2.818437e-189
6.609375e+01 2.790500e-189
6.625000e+01 2.756251e-189
6.640625e+01 2.682407e-189
6.656250e+01 2.605138e-189
6.671875e+01 2.566293e-189
6.687500e+01 2.443047e-189
6.703125e+01 2.121953e-189
6.718750e+01 6.954598e-191
6.734375e+01 2.393917e-197
6.750000e+01 6.527971e-219
6.765625e+01 5.135213e-219
6.781250e+01 5.092566e-219
6.796875e+01 5.064633e-219
6.812500e+01 5.032284e-219
6.828125e+01 5.004472e-219
6.843750e+01 4.944364e-219
6.859375e+01 4.804359e-219
6.875000e+01 4.579147e-219
6.890625e+01 4.238657e-219
6.906250e+01 3.975291e-219
6.921875e+01 3.371160e-219
6.937500e+01 3.081723e-219
6.953125e+01 3.028378e-219
6.968750e+01 3.002546e-219
6.984375e+01 2.981702e-219
7.000000e+01 2.955422e-219
7.015625e+01 2.940149e-219
7.031250e+01 2.930187e-219
7.046875e+01 2.921596e-219
7.062500e+01 2.905810e-219
7.078125e+01 2.900237e-219
7.093750e+01 2.879469e-219
7.109375e+01 2.854756e-219
7.125000e+01 2.845590e-219
7.140625e+01 2.841335e-219
7.156250e+01 2.822987e-219
7.171875e+01 2.748013e-219
7.187500e+01 2.745734e-219
7.203125e+01 2.743810e-219
7.218750e+01 2.740345e-219
7.234375e+01 2.736839e-219
7.250000e+01 2.730340e-219
7.265625e+01 2.726268e-219
7.281250e+01 2.724783e-219
7.296875e+01 2.724204e-219
7.312500e+01 2.723876e-219
7.328125e+01 2.723279e-219
7.343750e+01 2.722095e-219
7.359375e+01 2.718492e-219
7.375000e+01 2.717866e-219
7.390625e+01 2.717012e-219
7.406250e+01 2.716355e-219
7.421875e+01 2.714988e-219
7.437500e+01 2.713109e-219
7.453125e+01 2.517553e-219
7.468750e+01 2.482989e-219
7.484375e+01 2.482802e-219
7.500000e+01 2.482636e-219
7.515625e+01 2.482148e-219
7.531250e+01 2.481948e-219
7.546875e+01 2.481717e-219
7.562500e+01 2.481265e-219
7.578125e+01 2.461590e-219
7.593750e+01 2.375917e-219
7.609375e+01 2.330396e-219
7.625000e+01 2.324576e-219
7.640625e+01 2.322453e-219
7.656250e+01 2.320971e-219
7.671875e+01 2.319608e-219
7.687500e+01 2.318741e-219
7.703125e+01 2.316835e-219
7.718750e+01 2.313465e-219
7.734375e+01 2.312892e-219
7.750000e+01 2.312374e-219
7.765625e+01 2.310287e-219
7.781250e+01 2.307298e-219
7.796875e+01 2.305637e-219
7.812500e+01 2.302532e-219
7.828125e+01 2.300095e-219
7.843750e+01 2.292260e-219
7.859375e+01 2.234136e-219
7.875000e+01 2.219760e-219
7.890625e+01 2.216523e-219
7.906250e+01 2.208148e-219
7.921875e+01 2.178743e-219
7.937500e+01 2.165407e-219
7.953125e+01 2.129254e-219
7.968750e+01 2.102394e-219
7.984375e+01 2.061192e-219
