# x[h^-1_cMpc]  F_mean
0.000000e+00 1.466145e-01
1.562500e-01 9.658613e-02
3.125000e-01 6.518640e-02
4.687500e-01 4.567059e-02
6.250000e-01 3.179436e-02
7.812500e-01 2.218187e-02
9.375000e-01 1.591687e-02
1.093750e+00 1.157717e-02
1.250000e+00 8.343077e-03
1.406250e+00 6.084367e-03
1.562500e+00 4.346167e-03
1.718750e+00 3.284287e-03
1.875000e+00 2.382524e-03
2.031250e+00 1.738072e-03
2.187500e+00 1.289251e-03
2.343750e+00 7.980594e-04
2.500000e+00 5.432160e-04
2.656250e+00 3.625032e-04
2.812500e+00 2.459787e-04
2.968750e+00 1.436219e-04
3.125000e+00 9.639365e-05
3.281250e+00 6.973375e-05
3.437500e+00 5.054274e-05
3.593750e+00 4.204884e-05
3.750000e+00 3.407173e-05
3.906250e+00 1.781504e-05
4.062500e+00 1.215999e-05
4.218750e+00 1.044308e-05
4.375000e+00 8.171100e-06
4.531250e+00 4.948667e-06
4.687500e+00 2.553705e-06
4.843750e+00 1.245850e-06
5.000000e+00 8.874345e-07
5.156250e+00 5.216329e-07
5.312500e+00 4.067997e-07
5.468750e+00 3.244437e-07
5.625000e+00 2.408966e-07
5.781250e+00 1.955499e-07
5.937500e+00 1.263951e-07
6.093750e+00 9.510428e-08
6.250000e+00 6.537485e-08
6.406250e+00 5.501235e-08
6.562500e+00 4.743795e-08
6.718750e+00 4.284281e-08
6.875000e+00 3.419361e-08
7.031250e+00 2.288278e-08
7.187500e+00 1.309221e-08
7.343750e+00 4.334479e-09
7.500000e+00 1.383199e-09
7.656250e+00 1.084739e-09
7.812500e+00 8.708045e-10
7.968750e+00 5.203121e-10
8.125000e+00 2.005918e-10
8.281250e+00 1.211915e-10
8.437500e+00 9.105081e-11
8.593750e+00 5.823204e-11
8.750000e+00 4.736889e-11
8.906250e+00 3.805853e-11
9.062500e+00 2.469140e-11
9.218750e+00 1.539662e-11
9.375000e+00 1.157051e-11
9.531250e+00 8.842361e-12
9.687500e+00 7.573002e-12
9.843750e+00 6.689893e-12
1.000000e+01 6.139282e-12
1.015625e+01 4.904854e-12
1.031250e+01 3.800968e-12
1.046875e+01 3.390648e-12
1.062500e+01 2.159595e-12
1.078125e+01 1.674384e-12
1.093750e+01 9.673259e-13
1.109375e+01 7.396833e-13
1.125000e+01 5.688287e-13
1.140625e+01 4.884220e-13
1.156250e+01 3.970775e-13
1.171875e+01 1.521606e-13
1.187500e+01 5.304451e-14
1.203125e+01 4.911230e-14
1.218750e+01 4.582973e-14
1.234375e+01 4.331532e-14
1.250000e+01 4.047316e-14
1.265625e+01 3.541338e-14
1.281250e+01 3.120666e-14
1.296875e+01 2.901950e-14
1.312500e+01 2.693473e-14
1.328125e+01 2.551674e-14
1.343750e+01 1.941374e-14
1.359375e+01 1.525230e-14
1.375000e+01 1.361695e-14
1.390625e+01 1.280418e-14
1.406250e+01 8.964820e-15
1.421875e+01 5.989730e-15
1.437500e+01 4.587540e-15
1.453125e+01 3.032573e-15
1.468750e+01 1.678336e-15
1.484375e+01 1.055086e-15
1.500000e+01 6.651330e-16
1.515625e+01 5.169458e-16
1.531250e+01 2.679910e-16
1.546875e+01 1.230472e-17
1.562500e+01 7.143366e-18
1.578125e+01 5.889770e-18
1.593750e+01 4.595474e-18
1.609375e+01 3.934526e-18
1.625000e+01 3.588977e-18
1.640625e+01 3.182126e-18
1.656250e+01 2.773667e-18
1.671875e+01 2.056677e-18
1.687500e+01 1.634017e-18
1.703125e+01 1.287812e-18
1.718750e+01 9.982433e-19
1.734375e+01 8.469561e-19
1.750000e+01 6.653919e-19
1.765625e+01 3.161953e-19
1.781250e+01 3.586818e-20
1.796875e+01 2.826499e-20
1.812500e+01 2.220500e-20
1.828125e+01 1.652996e-20
1.843750e+01 1.378489e-20
1.859375e+01 1.298466e-20
1.875000e+01 1.109905e-20
1.890625e+01 7.985047e-21
1.906250e+01 5.232911e-21
1.921875e+01 4.268716e-21
1.937500e+01 3.924057e-21
1.953125e+01 3.110054e-21
1.968750e+01 5.688019e-22
1.984375e+01 4.729160e-22
2.000000e+01 3.658605e-22
2.015625e+01 1.501896e-23
2.031250e+01 3.175670e-25
2.046875e+01 2.154955e-25
2.062500e+01 1.840781e-25
2.078125e+01 1.329287e-25
2.093750e+01 2.860312e-26
2.109375e+01 1.000736e-26
2.125000e+01 3.266370e-27
2.140625e+01 4.232202e-29
2.156250e+01 2.877025e-30
2.171875e+01 1.509279e-30
2.187500e+01 3.853960e-31
2.203125e+01 2.886696e-31
2.218750e+01 2.170684e-31
2.234375e+01 1.554219e-31
2.250000e+01 1.150302e-31
2.265625e+01 6.993462e-32
2.281250e+01 4.675795e-32
2.296875e+01 2.979866e-32
2.312500e+01 7.604038e-33
2.328125e+01 4.321604e-33
2.343750e+01 3.565954e-33
2.359375e+01 3.150205e-33
2.375000e+01 2.770286e-33
2.390625e+01 2.406167e-33
2.406250e+01 2.136293e-33
2.421875e+01 1.805048e-33
2.437500e+01 1.589905e-33
2.453125e+01 1.383548e-33
2.468750e+01 1.130912e-33
2.484375e+01 9.900422e-34
2.500000e+01 9.150819e-34
2.515625e+01 8.534636e-34
2.531250e+01 6.681968e-34
2.546875e+01 3.042182e-34
2.562500e+01 1.710132e-34
2.578125e+01 9.037334e-35
2.593750e+01 6.702151e-35
2.609375e+01 5.096674e-35
2.625000e+01 4.100059e-35
2.640625e+01 2.673582e-35
2.656250e+01 1.675674e-35
2.671875e+01 1.230052e-35
2.687500e+01 6.931571e-36
2.703125e+01 4.290605e-36
2.718750e+01 3.747270e-36
2.734375e+01 2.720674e-36
2.750000e+01 2.268703e-36
2.765625e+01 1.732830e-36
2.781250e+01 1.091393e-36
2.796875e+01 3.027902e-37
2.812500e+01 4.577126e-38
2.828125e+01 1.839057e-38
2.843750e+01 1.274662e-38
2.859375e+01 8.609473e-39
2.875000e+01 6.314877e-39
2.890625e+01 3.703764e-39
2.906250e+01 3.093738e-39
2.921875e+01 2.814892e-39
2.937500e+01 2.288065e-39
2.953125e+01 1.833071e-39
2.968750e+01 1.537762e-39
2.984375e+01 1.463832e-39
3.000000e+01 1.354053e-39
3.015625e+01 1.241347e-39
3.031250e+01 1.090462e-39
3.046875e+01 7.775854e-40
3.062500e+01 6.535982e-40
3.078125e+01 5.773493e-40
3.093750e+01 5.179413e-40
3.109375e+01 2.339963e-40
3.125000e+01 2.142035e-40
3.140625e+01 1.978487e-40
3.156250e+01 1.799836e-40
3.171875e+01 1.138840e-40
3.187500e+01 4.219658e-41
3.203125e+01 3.792645e-41
3.218750e+01 2.401382e-41
3.234375e+01 2.106708e-41
3.250000e+01 1.960953e-41
3.265625e+01 1.758362e-41
3.281250e+01 1.696615e-41
3.296875e+01 1.583092e-41
3.312500e+01 1.353747e-41
3.328125e+01 7.058983e-42
3.343750e+01 4.877780e-42
3.359375e+01 3.368492e-42
3.375000e+01 1.082009e-42
3.390625e+01 8.145169e-43
3.406250e+01 6.323583e-43
3.421875e+01 2.460575e-43
3.437500e+01 1.913901e-43
3.453125e+01 6.802157e-44
3.468750e+01 2.572613e-44
3.484375e+01 1.630500e-44
3.500000e+01 1.287633e-44
3.515625e+01 9.246298e-45
3.531250e+01 8.156335e-45
3.546875e+01 7.486253e-45
3.562500e+01 6.385906e-45
3.578125e+01 5.897752e-45
3.593750e+01 5.434290e-45
3.609375e+01 5.164018e-45
3.625000e+01 4.408744e-45
3.640625e+01 3.751268e-45
3.656250e+01 3.131758e-45
3.671875e+01 2.959822e-45
3.687500e+01 2.366735e-45
3.703125e+01 1.549446e-45
3.718750e+01 9.499653e-46
3.734375e+01 6.101906e-46
3.750000e+01 3.838542e-48
3.765625e+01 2.313771e-48
3.781250e+01 1.993226e-48
3.796875e+01 1.776586e-48
3.812500e+01 1.536814e-48
3.828125e+01 7.098988e-49
3.843750e+01 3.469193e-49
3.859375e+01 1.225398e-49
3.875000e+01 9.365546e-50
3.890625e+01 7.447573e-50
3.906250e+01 4.932604e-50
3.921875e+01 3.782297e-50
3.937500e+01 3.590815e-50
3.953125e+01 3.043731e-50
3.968750e+01 1.434638e-50
3.984375e+01 1.261335e-50
4.000000e+01 9.980980e-51
4.015625e+01 6.518661e-51
4.031250e+01 3.804715e-51
4.046875e+01 2.916377e-51
4.062500e+01 2.052721e-51
4.078125e+01 1.461172e-51
4.093750e+01 7.120479e-52
4.109375e+01 5.206866e-52
4.125000e+01 4.403190e-52
4.140625e+01 2.142291e-52
4.156250e+01 1.399779e-52
4.171875e+01 1.087481e-52
4.187500e+01 9.705671e-53
4.203125e+01 5.006868e-53
4.218750e+01 4.621135e-53
4.234375e+01 4.274536e-53
4.250000e+01 3.261637e-53
4.265625e+01 7.622785e-54
4.281250e+01 1.781820e-55
4.296875e+01 8.621089e-56
4.312500e+01 6.206387e-56
4.328125e+01 5.442121e-56
4.343750e+01 4.873684e-56
4.359375e+01 4.114752e-56
4.375000e+01 2.090109e-56
4.390625e+01 1.639389e-56
4.406250e+01 7.659056e-57
4.421875e+01 3.035785e-59
4.437500e+01 3.479593e-63
4.453125e+01 2.401613e-66
4.468750e+01 6.967325e-67
4.484375e+01 4.689778e-67
4.500000e+01 3.522120e-67
4.515625e+01 2.825603e-67
4.531250e+01 2.177347e-67
4.546875e+01 2.013837e-67
4.562500e+01 1.493178e-67
4.578125e+01 1.037346e-67
4.593750e+01 9.469956e-68
4.609375e+01 8.638848e-68
4.625000e+01 7.727410e-68
4.640625e+01 4.799433e-68
4.656250e+01 3.575020e-68
4.671875e+01 3.055067e-68
4.687500e+01 2.371398e-68
4.703125e+01 1.351415e-68
4.718750e+01 1.116279e-68
4.734375e+01 1.064311e-68
4.750000e+01 1.001064e-68
4.765625e+01 9.342356e-69
4.781250e+01 6.659026e-69
4.796875e+01 5.526696e-69
4.812500e+01 5.342056e-69
4.828125e+01 5.169444e-69
4.843750e+01 4.737923e-69
4.859375e+01 4.080968e-69
4.875000e+01 3.729826e-69
4.890625e+01 3.211084e-69
4.906250e+01 2.930081e-69
4.921875e+01 2.719599e-69
4.937500e+01 2.614659e-69
4.953125e+01 2.392501e-69
4.968750e+01 1.022127e-69
4.984375e+01 4.841020e-73
5.000000e+01 6.574344e-75
5.015625e+01 5.087435e-75
5.031250e+01 7.605519e-76
5.046875e+01 7.182587e-76
5.062500e+01 6.907676e-76
5.078125e+01 6.524191e-76
5.093750e+01 6.265017e-76
5.109375e+01 5.607211e-76
5.125000e+01 4.584252e-76
5.140625e+01 3.264877e-76
5.156250e+01 2.401356e-76
5.171875e+01 1.928252e-76
5.187500e+01 1.138973e-76
5.203125e+01 6.960938e-77
5.218750e+01 3.802073e-77
5.234375e+01 2.585624e-77
5.250000e+01 1.765434e-77
5.265625e+01 6.182927e-78
5.281250e+01 1.635121e-78
5.296875e+01 8.545631e-79
5.312500e+01 7.587428e-79
5.328125e+01 7.205411e-79
5.343750e+01 6.720624e-79
5.359375e+01 5.011230e-79
5.375000e+01 3.042171e-79
5.390625e+01 2.575901e-79
5.406250e+01 2.338892e-79
5.421875e+01 1.515792e-79
5.437500e+01 1.384841e-79
5.453125e+01 1.073003e-79
5.468750e+01 9.317509e-80
5.484375e+01 3.826118e-80
5.500000e+01 1.400627e-80
5.515625e+01 1.248865e-80
5.531250e+01 1.093028e-80
5.546875e+01 7.944020e-81
5.562500e+01 6.653831e-81
5.578125e+01 5.395629e-81
5.593750e+01 5.005865e-81
5.609375e+01 4.676264e-81
5.625000e+01 4.307279e-81
5.640625e+01 3.796217e-81
5.656250e+01 3.046883e-81
5.671875e+01 1.660312e-81
5.687500e+01 3.836516e-82
5.703125e+01 6.584561e-83
5.718750e+01 2.068760e-83
5.734375e+01 1.478595e-83
5.750000e+01 1.387156e-84
5.765625e+01 8.949865e-85
5.781250e+01 6.646364e-85
5.796875e+01 5.077091e-85
5.812500e+01 4.102723e-85
5.828125e+01 3.654425e-85
5.843750e+01 2.882567e-85
5.859375e+01 2.255162e-85
5.875000e+01 1.876555e-85
5.890625e+01 7.931140e-86
5.906250e+01 4.294833e-86
5.921875e+01 3.014178e-86
5.937500e+01 1.865852e-86
5.953125e+01 1.625631e-86
5.968750e+01 8.667912e-87
5.984375e+01 3.630625e-87
6.000000e+01 3.190906e-87
6.015625e+01 2.511180e-87
6.031250e+01 1.471455e-88
6.046875e+01 1.476598e-89
6.062500e+01 1.206952e-89
6.078125e+01 5.606772e-90
6.093750e+01 3.540227e-90
6.109375e+01 2.381192e-90
6.125000e+01 9.003031e-91
6.140625e+01 7.631393e-91
6.156250e+01 6.611066e-91
6.171875e+01 6.003906e-91
6.187500e+01 5.610722e-91
6.203125e+01 4.825377e-91
6.218750e+01 4.299745e-91
6.234375e+01 3.931425e-91
6.250000e+01 3.044052e-91
6.265625e+01 1.252702e-91
6.281250e+01 9.394864e-92
6.296875e+01 8.445300e-92
6.312500e+01 7.130812e-92
6.328125e+01 4.176519e-92
6.343750e+01 8.804630e-94
6.359375e+01 7.315075e-94
6.375000e+01 4.524691e-94
6.390625e+01 2.665108e-94
6.406250e+01 1.791426e-94
6.421875e+01 1.517790e-94
6.437500e+01 1.250212e-94
6.453125e+01 1.059156e-94
6.468750e+01 8.401396e-95
6.484375e+01 7.103682e-95
6.500000e+01 6.464725e-95
6.515625e+01 5.450583e-95
6.531250e+01 4.676007e-95
6.546875e+01 3.517018e-95
6.562500e+01 2.323568e-95
6.578125e+01 1.915806e-95
6.593750e+01 1.649195e-95
6.609375e+01 1.195154e-95
6.625000e+01 1.068377e-95
6.640625e+01 8.630432e-96
6.656250e+01 7.804098e-96
6.671875e+01 7.109593e-96
6.687500e+01 6.528793e-96
6.703125e+01 5.554913e-96
6.718750e+01 2.802216e-96
6.734375e+01 1.351115e-96
6.750000e+01 4.037666e-97
6.765625e+01 1.075069e-97
6.781250e+01 3.436730e-99
6.796875e+01 1.776090e-99
6.812500e+01 1.129190e-99
6.828125e+01 8.362218e-100
6.843750e+01 2.824539e-100
6.859375e+01 2.261052e-100
6.875000e+01 2.035401e-100
6.890625e+01 1.745552e-100
6.906250e+01 1.521775e-100
6.921875e+01 1.273235e-100
6.937500e+01 1.140205e-100
6.953125e+01 8.036249e-101
6.968750e+01 7.282132e-101
6.984375e+01 6.646206e-101
7.000000e+01 5.742306e-101
7.015625e+01 5.135576e-101
7.031250e+01 4.524996e-101
7.046875e+01 3.195976e-101
7.062500e+01 2.276764e-101
7.078125e+01 1.614479e-101
7.093750e+01 1.331054e-101
7.109375e+01 1.195128e-101
7.125000e+01 1.085335e-101
7.140625e+01 9.741268e-102
7.156250e+01 7.986973e-102
7.171875e+01 2.408617e-102
7.187500e+01 6.363158e-104
7.203125e+01 1.238280e-105
7.218750e+01 3.775910e-106
7.234375e+01 1.780298e-106
7.250000e+01 4.315107e-107
7.265625e+01 1.648231e-109
7.281250e+01 2.645954e-112
7.296875e+01 1.399953e-132
7.312500e+01 5.803863e-134
7.328125e+01 3.898373e-134
7.343750e+01 3.692494e-134
7.359375e+01 3.473934e-134
7.375000e+01 2.783644e-134
7.390625e+01 2.118091e-134
7.406250e+01 1.788550e-134
7.421875e+01 1.334888e-134
7.437500e+01 3.837963e-135
7.453125e+01 7.978836e-139
7.468750e+01 2.981103e-139
7.484375e+01 1.798641e-139
7.500000e+01 1.663864e-139
7.515625e+01 1.627003e-139
7.531250e+01 1.538818e-139
7.546875e+01 8.026833e-140
7.562500e+01 1.106825e-140
7.578125e+01 5.940936e-141
7.593750e+01 3.303060e-141
7.609375e+01 1.426549e-141
7.625000e+01 1.101153e-141
7.640625e+01 1.021752e-141
7.656250e+01 9.599722e-142
7.671875e+01 8.103313e-142
7.687500e+01 5.749326e-142
7.703125e+01 4.881540e-142
7.718750e+01 4.271692e-142
7.734375e+01 3.866158e-142
7.750000e+01 3.454856e-142
7.765625e+01 2.213024e-142
7.781250e+01 7.543603e-143
7.796875e+01 9.153820e-144
7.812500e+01 5.572255e-144
7.828125e+01 4.374386e-144
7.843750e+01 3.568212e-144
7.859375e+01 3.048648e-144
7.875000e+01 2.826842e-144
7.890625e+01 2.712115e-144
7.906250e+01 2.527687e-144
7.921875e+01 2.207271e-144
7.937500e+01 1.550477e-144
7.953125e+01 1.015271e-144
7.968750e+01 4.599685e-145
7.984375e+01 2.069715e-145
