# x[h^-1_cMpc]  F_mean
0.000000e+00 1.300960e-01
1.562500e-01 1.044692e-01
3.125000e-01 9.053527e-02
4.687500e-01 7.904655e-02
6.250000e-01 6.826854e-02
7.812500e-01 6.100589e-02
9.375000e-01 5.389071e-02
1.093750e+00 4.740617e-02
1.250000e+00 4.377254e-02
1.406250e+00 4.045353e-02
1.562500e+00 3.752895e-02
1.718750e+00 3.480397e-02
1.875000e+00 3.210205e-02
2.031250e+00 2.990428e-02
2.187500e+00 2.781900e-02
2.343750e+00 2.556437e-02
2.500000e+00 2.396087e-02
2.656250e+00 2.226602e-02
2.812500e+00 2.016906e-02
2.968750e+00 1.844557e-02
3.125000e+00 1.682545e-02
3.281250e+00 1.547036e-02
3.437500e+00 1.434248e-02
3.593750e+00 1.332038e-02
3.750000e+00 1.230862e-02
3.906250e+00 1.121477e-02
4.062500e+00 1.016738e-02
4.218750e+00 8.874027e-03
4.375000e+00 8.157218e-03
4.531250e+00 7.246766e-03
4.687500e+00 6.562036e-03
4.843750e+00 5.757164e-03
5.000000e+00 5.186794e-03
5.156250e+00 4.710611e-03
5.312500e+00 4.350991e-03
5.468750e+00 4.019550e-03
5.625000e+00 3.698990e-03
5.781250e+00 3.445747e-03
5.937500e+00 3.260281e-03
6.093750e+00 3.038493e-03
6.250000e+00 2.814767e-03
6.406250e+00 2.600238e-03
6.562500e+00 2.405558e-03
6.718750e+00 2.117575e-03
6.875000e+00 1.920273e-03
7.031250e+00 1.765711e-03
7.187500e+00 1.656948e-03
7.343750e+00 1.516739e-03
7.500000e+00 1.414630e-03
7.656250e+00 1.298529e-03
7.812500e+00 1.203430e-03
7.968750e+00 1.090595e-03
8.125000e+00 9.331475e-04
8.281250e+00 8.025166e-04
8.437500e+00 6.988866e-04
8.593750e+00 5.405346e-04
8.750000e+00 4.438031e-04
8.906250e+00 4.073237e-04
9.062500e+00 2.875345e-04
9.218750e+00 2.439990e-04
9.375000e+00 2.031775e-04
9.531250e+00 1.714144e-04
9.687500e+00 1.568228e-04
9.843750e+00 1.430565e-04
1.000000e+01 1.245576e-04
1.015625e+01 1.094919e-04
1.031250e+01 8.749041e-05
1.046875e+01 7.638261e-05
1.062500e+01 5.699346e-05
1.078125e+01 5.350217e-05
1.093750e+01 4.639566e-05
1.109375e+01 4.208435e-05
1.125000e+01 3.343350e-05
1.140625e+01 2.716532e-05
1.156250e+01 2.481629e-05
1.171875e+01 2.406465e-05
1.187500e+01 2.300966e-05
1.203125e+01 2.195772e-05
1.218750e+01 2.115491e-05
1.234375e+01 1.904997e-05
1.250000e+01 1.855393e-05
1.265625e+01 1.690620e-05
1.281250e+01 1.643454e-05
1.296875e+01 1.587056e-05
1.312500e+01 1.517090e-05
1.328125e+01 1.323591e-05
1.343750e+01 9.475912e-06
1.359375e+01 5.615983e-06
1.375000e+01 3.814128e-10
1.390625e+01 5.772288e-11
1.406250e+01 5.659815e-11
1.421875e+01 5.481957e-11
1.437500e+01 5.231356e-11
1.453125e+01 1.549888e-11
1.468750e+01 1.317208e-11
1.484375e+01 1.255519e-11
1.500000e+01 1.197998e-11
1.515625e+01 1.102469e-11
1.531250e+01 1.080336e-11
1.546875e+01 1.041834e-11
1.562500e+01 9.925956e-12
1.578125e+01 9.243050e-12
1.593750e+01 8.838369e-12
1.609375e+01 8.677461e-12
1.625000e+01 8.529494e-12
1.640625e+01 8.388992e-12
1.656250e+01 8.342336e-12
1.671875e+01 8.289418e-12
1.687500e+01 8.269235e-12
1.703125e+01 8.216275e-12
1.718750e+01 8.167909e-12
1.734375e+01 8.128427e-12
1.750000e+01 8.112965e-12
1.765625e+01 8.059558e-12
1.781250e+01 8.032426e-12
1.796875e+01 7.970399e-12
1.812500e+01 7.956775e-12
1.828125e+01 7.949381e-12
1.843750e+01 7.938775e-12
1.859375e+01 7.927818e-12
1.875000e+01 7.904954e-12
1.890625e+01 7.682478e-12
1.906250e+01 7.475899e-12
1.921875e+01 7.298192e-12
1.937500e+01 7.232911e-12
1.953125e+01 7.198094e-12
1.968750e+01 7.075248e-12
1.984375e+01 6.975728e-12
2.000000e+01 6.834346e-12
2.015625e+01 6.560910e-12
2.031250e+01 4.133861e-12
2.046875e+01 3.627228e-12
2.062500e+01 3.316745e-12
2.078125e+01 2.297655e-12
2.093750e+01 6.073355e-13
2.109375e+01 3.529155e-13
2.125000e+01 1.314931e-15
2.140625e+01 1.308607e-15
2.156250e+01 1.291031e-15
2.171875e+01 1.261992e-15
2.187500e+01 1.217857e-15
2.203125e+01 1.213828e-15
2.218750e+01 1.209820e-15
2.234375e+01 1.203887e-15
2.250000e+01 1.075801e-15
2.265625e+01 1.035656e-15
2.281250e+01 1.015201e-15
2.296875e+01 1.011624e-15
2.312500e+01 1.008525e-15
2.328125e+01 1.006578e-15
2.343750e+01 1.003104e-15
2.359375e+01 9.997214e-16
2.375000e+01 9.950566e-16
2.390625e+01 9.801900e-16
2.406250e+01 9.489196e-16
2.421875e+01 9.024885e-16
2.437500e+01 7.423212e-16
2.453125e+01 7.065902e-16
2.468750e+01 6.980509e-16
2.484375e+01 6.888695e-16
2.500000e+01 6.786256e-16
2.515625e+01 6.572470e-16
2.531250e+01 5.395539e-16
2.546875e+01 3.960801e-16
2.562500e+01 3.290833e-16
2.578125e+01 2.439357e-16
2.593750e+01 1.553009e-16
2.609375e+01 3.616199e-20
2.625000e+01 5.187716e-23
2.640625e+01 1.697859e-23
2.656250e+01 1.333399e-23
2.671875e+01 9.616269e-26
2.687500e+01 8.918277e-26
2.703125e+01 8.880565e-26
2.718750e+01 8.756092e-26
2.734375e+01 7.489284e-26
2.750000e+01 5.359198e-26
2.765625e+01 3.944669e-26
2.781250e+01 2.170723e-26
2.796875e+01 1.064878e-26
2.812500e+01 6.764835e-27
2.828125e+01 5.778971e-27
2.843750e+01 5.628084e-27
2.859375e+01 4.809316e-27
2.875000e+01 3.119484e-27
2.890625e+01 2.842622e-27
2.906250e+01 2.803844e-27
2.921875e+01 2.705398e-27
2.937500e+01 2.529538e-27
2.953125e+01 2.419897e-27
2.968750e+01 5.474635e-28
2.984375e+01 6.009911e-30
3.000000e+01 1.147879e-34
3.015625e+01 1.557175e-39
3.031250e+01 4.189405e-46
3.046875e+01 1.282199e-52
3.062500e+01 1.140163e-52
3.078125e+01 1.047192e-52
3.093750e+01 9.392609e-53
3.109375e+01 6.721383e-53
3.125000e+01 6.426943e-53
3.140625e+01 6.031538e-53
3.156250e+01 5.567646e-53
3.171875e+01 4.905286e-53
3.187500e+01 3.356839e-53
3.203125e+01 1.675062e-58
3.218750e+01 2.323442e-60
3.234375e+01 8.936591e-66
3.250000e+01 2.075234e-66
3.265625e+01 1.498982e-66
3.281250e+01 1.201405e-68
3.296875e+01 1.126732e-70
3.312500e+01 1.211349e-85
3.328125e+01 1.353504e-132
3.343750e+01 1.153911e-132
3.359375e+01 3.730531e-133
3.375000e+01 2.618199e-184
3.390625e+01 0.000000e+00
3.406250e+01 0.000000e+00
3.421875e+01 0.000000e+00
3.437500e+01 0.000000e+00
3.453125e+01 0.000000e+00
3.468750e+01 0.000000e+00
3.484375e+01 0.000000e+00
3.500000e+01 0.000000e+00
3.515625e+01 0.000000e+00
3.531250e+01 0.000000e+00
3.546875e+01 0.000000e+00
3.562500e+01 0.000000e+00
3.578125e+01 0.000000e+00
3.593750e+01 0.000000e+00
3.609375e+01 0.000000e+00
3.625000e+01 0.000000e+00
3.640625e+01 0.000000e+00
3.656250e+01 0.000000e+00
3.671875e+01 0.000000e+00
3.687500e+01 0.000000e+00
3.703125e+01 0.000000e+00
3.718750e+01 0.000000e+00
3.734375e+01 0.000000e+00
3.750000e+01 0.000000e+00
3.765625e+01 0.000000e+00
3.781250e+01 0.000000e+00
3.796875e+01 0.000000e+00
3.812500e+01 0.000000e+00
3.828125e+01 0.000000e+00
3.843750e+01 0.000000e+00
3.859375e+01 0.000000e+00
3.875000e+01 0.000000e+00
3.890625e+01 0.000000e+00
3.906250e+01 0.000000e+00
3.921875e+01 0.000000e+00
3.937500e+01 0.000000e+00
3.953125e+01 0.000000e+00
3.968750e+01 0.000000e+00
3.984375e+01 0.000000e+00
4.000000e+01 0.000000e+00
4.015625e+01 0.000000e+00
4.031250e+01 0.000000e+00
4.046875e+01 0.000000e+00
4.062500e+01 0.000000e+00
4.078125e+01 0.000000e+00
4.093750e+01 0.000000e+00
4.109375e+01 0.000000e+00
4.125000e+01 0.000000e+00
4.140625e+01 0.000000e+00
4.156250e+01 0.000000e+00
4.171875e+01 0.000000e+00
4.187500e+01 0.000000e+00
4.203125e+01 0.000000e+00
4.218750e+01 0.000000e+00
4.234375e+01 0.000000e+00
4.250000e+01 0.000000e+00
4.265625e+01 0.000000e+00
4.281250e+01 0.000000e+00
4.296875e+01 0.000000e+00
4.312500e+01 0.000000e+00
4.328125e+01 0.000000e+00
4.343750e+01 0.000000e+00
4.359375e+01 0.000000e+00
4.375000e+01 0.000000e+00
4.390625e+01 0.000000e+00
4.406250e+01 0.000000e+00
4.421875e+01 0.000000e+00
4.437500e+01 0.000000e+00
4.453125e+01 0.000000e+00
4.468750e+01 0.000000e+00
4.484375e+01 0.000000e+00
4.500000e+01 0.000000e+00
4.515625e+01 0.000000e+00
4.531250e+01 0.000000e+00
4.546875e+01 0.000000e+00
4.562500e+01 0.000000e+00
4.578125e+01 0.000000e+00
4.593750e+01 0.000000e+00
4.609375e+01 0.000000e+00
4.625000e+01 0.000000e+00
4.640625e+01 0.000000e+00
4.656250e+01 0.000000e+00
4.671875e+01 0.000000e+00
4.687500e+01 0.000000e+00
4.703125e+01 0.000000e+00
4.718750e+01 0.000000e+00
4.734375e+01 0.000000e+00
4.750000e+01 0.000000e+00
4.765625e+01 0.000000e+00
4.781250e+01 0.000000e+00
4.796875e+01 0.000000e+00
4.812500e+01 0.000000e+00
4.828125e+01 0.000000e+00
4.843750e+01 0.000000e+00
4.859375e+01 0.000000e+00
4.875000e+01 0.000000e+00
4.890625e+01 0.000000e+00
4.906250e+01 0.000000e+00
4.921875e+01 0.000000e+00
4.937500e+01 0.000000e+00
4.953125e+01 0.000000e+00
4.968750e+01 0.000000e+00
4.984375e+01 0.000000e+00
5.000000e+01 0.000000e+00
5.015625e+01 0.000000e+00
5.031250e+01 0.000000e+00
5.046875e+01 0.000000e+00
5.062500e+01 0.000000e+00
5.078125e+01 0.000000e+00
5.093750e+01 0.000000e+00
5.109375e+01 0.000000e+00
5.125000e+01 0.000000e+00
5.140625e+01 0.000000e+00
5.156250e+01 0.000000e+00
5.171875e+01 0.000000e+00
5.187500e+01 0.000000e+00
5.203125e+01 0.000000e+00
5.218750e+01 0.000000e+00
5.234375e+01 0.000000e+00
5.250000e+01 0.000000e+00
5.265625e+01 0.000000e+00
5.281250e+01 0.000000e+00
5.296875e+01 0.000000e+00
5.312500e+01 0.000000e+00
5.328125e+01 0.000000e+00
5.343750e+01 0.000000e+00
5.359375e+01 0.000000e+00
5.375000e+01 0.000000e+00
5.390625e+01 0.000000e+00
5.406250e+01 0.000000e+00
5.421875e+01 0.000000e+00
5.437500e+01 0.000000e+00
5.453125e+01 0.000000e+00
5.468750e+01 0.000000e+00
5.484375e+01 0.000000e+00
5.500000e+01 0.000000e+00
5.515625e+01 0.000000e+00
5.531250e+01 0.000000e+00
5.546875e+01 0.000000e+00
5.562500e+01 0.000000e+00
5.578125e+01 0.000000e+00
5.593750e+01 0.000000e+00
5.609375e+01 0.000000e+00
5.625000e+01 0.000000e+00
5.640625e+01 0.000000e+00
5.656250e+01 0.000000e+00
5.671875e+01 0.000000e+00
5.687500e+01 0.000000e+00
5.703125e+01 0.000000e+00
5.718750e+01 0.000000e+00
5.734375e+01 0.000000e+00
5.750000e+01 0.000000e+00
5.765625e+01 0.000000e+00
5.781250e+01 0.000000e+00
5.796875e+01 0.000000e+00
5.812500e+01 0.000000e+00
5.828125e+01 0.000000e+00
5.843750e+01 0.000000e+00
5.859375e+01 0.000000e+00
5.875000e+01 0.000000e+00
5.890625e+01 0.000000e+00
5.906250e+01 0.000000e+00
5.921875e+01 0.000000e+00
5.937500e+01 0.000000e+00
5.953125e+01 0.000000e+00
5.968750e+01 0.000000e+00
5.984375e+01 0.000000e+00
6.000000e+01 0.000000e+00
6.015625e+01 0.000000e+00
6.031250e+01 0.000000e+00
6.046875e+01 0.000000e+00
6.062500e+01 0.000000e+00
6.078125e+01 0.000000e+00
6.093750e+01 0.000000e+00
6.109375e+01 0.000000e+00
6.125000e+01 0.000000e+00
6.140625e+01 0.000000e+00
6.156250e+01 0.000000e+00
6.171875e+01 0.000000e+00
6.187500e+01 0.000000e+00
6.203125e+01 0.000000e+00
6.218750e+01 0.000000e+00
6.234375e+01 0.000000e+00
6.250000e+01 0.000000e+00
6.265625e+01 0.000000e+00
6.281250e+01 0.000000e+00
6.296875e+01 0.000000e+00
6.312500e+01 0.000000e+00
6.328125e+01 0.000000e+00
6.343750e+01 0.000000e+00
6.359375e+01 0.000000e+00
6.375000e+01 0.000000e+00
6.390625e+01 0.000000e+00
6.406250e+01 0.000000e+00
6.421875e+01 0.000000e+00
6.437500e+01 0.000000e+00
6.453125e+01 0.000000e+00
6.468750e+01 0.000000e+00
6.484375e+01 0.000000e+00
6.500000e+01 0.000000e+00
6.515625e+01 0.000000e+00
6.531250e+01 0.000000e+00
6.546875e+01 0.000000e+00
6.562500e+01 0.000000e+00
6.578125e+01 0.000000e+00
6.593750e+01 0.000000e+00
6.609375e+01 0.000000e+00
6.625000e+01 0.000000e+00
6.640625e+01 0.000000e+00
6.656250e+01 0.000000e+00
6.671875e+01 0.000000e+00
6.687500e+01 0.000000e+00
6.703125e+01 0.000000e+00
6.718750e+01 0.000000e+00
6.734375e+01 0.000000e+00
6.750000e+01 0.000000e+00
6.765625e+01 0.000000e+00
6.781250e+01 0.000000e+00
6.796875e+01 0.000000e+00
6.812500e+01 0.000000e+00
6.828125e+01 0.000000e+00
6.843750e+01 0.000000e+00
6.859375e+01 0.000000e+00
6.875000e+01 0.000000e+00
6.890625e+01 0.000000e+00
6.906250e+01 0.000000e+00
6.921875e+01 0.000000e+00
6.937500e+01 0.000000e+00
6.953125e+01 0.000000e+00
6.968750e+01 0.000000e+00
6.984375e+01 0.000000e+00
7.000000e+01 0.000000e+00
7.015625e+01 0.000000e+00
7.031250e+01 0.000000e+00
7.046875e+01 0.000000e+00
7.062500e+01 0.000000e+00
7.078125e+01 0.000000e+00
7.093750e+01 0.000000e+00
7.109375e+01 0.000000e+00
7.125000e+01 0.000000e+00
7.140625e+01 0.000000e+00
7.156250e+01 0.000000e+00
7.171875e+01 0.000000e+00
7.187500e+01 0.000000e+00
7.203125e+01 0.000000e+00
7.218750e+01 0.000000e+00
7.234375e+01 0.000000e+00
7.250000e+01 0.000000e+00
7.265625e+01 0.000000e+00
7.281250e+01 0.000000e+00
7.296875e+01 0.000000e+00
7.312500e+01 0.000000e+00
7.328125e+01 0.000000e+00
7.343750e+01 0.000000e+00
7.359375e+01 0.000000e+00
7.375000e+01 0.000000e+00
7.390625e+01 0.000000e+00
7.406250e+01 0.000000e+00
7.421875e+01 0.000000e+00
7.437500e+01 0.000000e+00
7.453125e+01 0.000000e+00
7.468750e+01 0.000000e+00
7.484375e+01 0.000000e+00
7.500000e+01 0.000000e+00
7.515625e+01 0.000000e+00
7.531250e+01 0.000000e+00
7.546875e+01 0.000000e+00
7.562500e+01 0.000000e+00
7.578125e+01 0.000000e+00
7.593750e+01 0.000000e+00
7.609375e+01 0.000000e+00
7.625000e+01 0.000000e+00
7.640625e+01 0.000000e+00
7.656250e+01 0.000000e+00
7.671875e+01 0.000000e+00
7.687500e+01 0.000000e+00
7.703125e+01 0.000000e+00
7.718750e+01 0.000000e+00
7.734375e+01 0.000000e+00
7.750000e+01 0.000000e+00
7.765625e+01 0.000000e+00
7.781250e+01 0.000000e+00
7.796875e+01 0.000000e+00
7.812500e+01 0.000000e+00
7.828125e+01 0.000000e+00
7.843750e+01 0.000000e+00
7.859375e+01 0.000000e+00
7.875000e+01 0.000000e+00
7.890625e+01 0.000000e+00
7.906250e+01 0.000000e+00
7.921875e+01 0.000000e+00
7.937500e+01 0.000000e+00
7.953125e+01 0.000000e+00
7.968750e+01 0.000000e+00
7.984375e+01 0.000000e+00
