# x[h^-1_cMpc]  F_mean
0.000000e+00 5.114674e-01
1.562500e-01 4.823447e-01
3.125000e-01 4.635811e-01
4.687500e-01 4.476509e-01
6.250000e-01 4.328096e-01
7.812500e-01 4.215326e-01
9.375000e-01 4.113663e-01
1.093750e+00 4.010631e-01
1.250000e+00 3.906365e-01
1.406250e+00 3.816056e-01
1.562500e+00 3.735112e-01
1.718750e+00 3.659973e-01
1.875000e+00 3.580216e-01
2.031250e+00 3.508892e-01
2.187500e+00 3.451309e-01
2.343750e+00 3.383106e-01
2.500000e+00 3.305471e-01
2.656250e+00 3.231703e-01
2.812500e+00 3.155510e-01
2.968750e+00 3.084436e-01
3.125000e+00 3.012921e-01
3.281250e+00 2.944894e-01
3.437500e+00 2.864641e-01
3.593750e+00 2.795711e-01
3.750000e+00 2.730990e-01
3.906250e+00 2.666996e-01
4.062500e+00 2.606062e-01
4.218750e+00 2.546410e-01
4.375000e+00 2.495317e-01
4.531250e+00 2.439579e-01
4.687500e+00 2.384956e-01
4.843750e+00 2.320349e-01
5.000000e+00 2.253570e-01
5.156250e+00 2.198017e-01
5.312500e+00 2.145343e-01
5.468750e+00 2.098754e-01
5.625000e+00 2.058593e-01
5.781250e+00 2.022008e-01
5.937500e+00 1.977089e-01
6.093750e+00 1.933167e-01
6.250000e+00 1.902125e-01
6.406250e+00 1.866261e-01
6.562500e+00 1.833391e-01
6.718750e+00 1.795583e-01
6.875000e+00 1.768014e-01
7.031250e+00 1.728687e-01
7.187500e+00 1.688160e-01
7.343750e+00 1.656391e-01
7.500000e+00 1.625996e-01
7.656250e+00 1.593200e-01
7.812500e+00 1.555701e-01
7.968750e+00 1.522565e-01
8.125000e+00 1.485617e-01
8.281250e+00 1.450694e-01
8.437500e+00 1.421100e-01
8.593750e+00 1.392257e-01
8.750000e+00 1.363808e-01
8.906250e+00 1.338733e-01
9.062500e+00 1.311996e-01
9.218750e+00 1.283905e-01
9.375000e+00 1.257362e-01
9.531250e+00 1.223979e-01
9.687500e+00 1.181214e-01
9.843750e+00 1.156083e-01
1.000000e+01 1.134181e-01
1.015625e+01 1.113282e-01
1.031250e+01 1.086456e-01
1.046875e+01 1.062774e-01
1.062500e+01 1.045773e-01
1.078125e+01 1.029438e-01
1.093750e+01 1.006663e-01
1.109375e+01 9.883352e-02
1.125000e+01 9.710895e-02
1.140625e+01 9.513916e-02
1.156250e+01 9.387484e-02
1.171875e+01 9.193211e-02
1.187500e+01 8.976241e-02
1.203125e+01 8.798816e-02
1.218750e+01 8.564226e-02
1.234375e+01 8.319558e-02
1.250000e+01 8.014034e-02
1.265625e+01 7.711131e-02
1.281250e+01 7.479165e-02
1.296875e+01 7.229603e-02
1.312500e+01 7.119397e-02
1.328125e+01 6.995531e-02
1.343750e+01 6.829731e-02
1.359375e+01 6.674958e-02
1.375000e+01 6.489223e-02
1.390625e+01 6.363603e-02
1.406250e+01 6.233329e-02
1.421875e+01 6.048806e-02
1.437500e+01 5.852015e-02
1.453125e+01 5.674559e-02
1.468750e+01 5.528555e-02
1.484375e+01 5.364986e-02
1.500000e+01 5.239183e-02
1.515625e+01 5.048788e-02
1.531250e+01 4.949781e-02
1.546875e+01 4.817654e-02
1.562500e+01 4.710177e-02
1.578125e+01 4.648260e-02
1.593750e+01 4.552847e-02
1.609375e+01 4.478739e-02
1.625000e+01 4.377077e-02
1.640625e+01 4.302576e-02
1.656250e+01 4.240980e-02
1.671875e+01 4.151994e-02
1.687500e+01 4.066077e-02
1.703125e+01 3.967264e-02
1.718750e+01 3.909644e-02
1.734375e+01 3.858104e-02
1.750000e+01 3.803920e-02
1.765625e+01 3.751785e-02
1.781250e+01 3.694369e-02
1.796875e+01 3.622357e-02
1.812500e+01 3.592423e-02
1.828125e+01 3.556213e-02
1.843750e+01 3.500056e-02
1.859375e+01 3.438710e-02
1.875000e+01 3.341132e-02
1.890625e+01 3.215375e-02
1.906250e+01 3.131421e-02
1.921875e+01 3.082214e-02
1.937500e+01 3.027706e-02
1.953125e+01 2.959846e-02
1.968750e+01 2.903353e-02
1.984375e+01 2.867208e-02
2.000000e+01 2.836110e-02
2.015625e+01 2.806952e-02
2.031250e+01 2.776217e-02
2.046875e+01 2.748345e-02
2.062500e+01 2.712636e-02
2.078125e+01 2.673622e-02
2.093750e+01 2.647056e-02
2.109375e+01 2.609332e-02
2.125000e+01 2.516599e-02
2.140625e+01 2.462992e-02
2.156250e+01 2.371295e-02
2.171875e+01 2.307883e-02
2.187500e+01 2.272387e-02
2.203125e+01 2.219649e-02
2.218750e+01 2.187665e-02
2.234375e+01 2.157818e-02
2.250000e+01 2.133518e-02
2.265625e+01 2.102060e-02
2.281250e+01 2.066432e-02
2.296875e+01 2.028097e-02
2.312500e+01 1.994664e-02
2.328125e+01 1.932383e-02
2.343750e+01 1.911047e-02
2.359375e+01 1.881720e-02
2.375000e+01 1.866977e-02
2.390625e+01 1.834033e-02
2.406250e+01 1.804485e-02
2.421875e+01 1.765190e-02
2.437500e+01 1.719580e-02
2.453125e+01 1.617613e-02
2.468750e+01 1.514905e-02
2.484375e+01 1.492035e-02
2.500000e+01 1.453091e-02
2.515625e+01 1.418411e-02
2.531250e+01 1.394331e-02
2.546875e+01 1.372069e-02
2.562500e+01 1.307612e-02
2.578125e+01 1.243939e-02
2.593750e+01 1.225708e-02
2.609375e+01 1.205921e-02
2.625000e+01 1.171017e-02
2.640625e+01 1.134131e-02
2.656250e+01 1.075369e-02
2.671875e+01 1.032371e-02
2.687500e+01 1.003733e-02
2.703125e+01 9.810219e-03
2.718750e+01 9.197422e-03
2.734375e+01 8.849232e-03
2.750000e+01 8.477387e-03
2.765625e+01 8.375859e-03
2.781250e+01 8.233294e-03
2.796875e+01 7.948322e-03
2.812500e+01 7.833715e-03
2.828125e+01 7.649663e-03
2.843750e+01 7.516197e-03
2.859375e+01 7.293508e-03
2.875000e+01 6.963424e-03
2.890625e+01 6.694787e-03
2.906250e+01 6.589374e-03
2.921875e+01 6.540020e-03
2.937500e+01 6.471846e-03
2.953125e+01 6.413055e-03
2.968750e+01 6.348640e-03
2.984375e+01 6.138366e-03
3.000000e+01 5.999764e-03
3.015625e+01 5.840643e-03
3.031250e+01 5.707033e-03
3.046875e+01 5.601478e-03
3.062500e+01 5.495357e-03
3.078125e+01 5.400981e-03
3.093750e+01 5.345522e-03
3.109375e+01 5.286835e-03
3.125000e+01 5.231799e-03
3.140625e+01 5.143224e-03
3.156250e+01 5.071388e-03
3.171875e+01 4.801525e-03
3.187500e+01 4.760405e-03
3.203125e+01 4.690905e-03
3.218750e+01 4.481089e-03
3.234375e+01 4.287793e-03
3.250000e+01 4.200704e-03
3.265625e+01 4.055120e-03
3.281250e+01 3.978319e-03
3.296875e+01 3.823505e-03
3.312500e+01 3.650520e-03
3.328125e+01 3.419840e-03
3.343750e+01 3.369710e-03
3.359375e+01 3.315040e-03
3.375000e+01 3.292331e-03
3.390625e+01 3.258744e-03
3.406250e+01 3.187524e-03
3.421875e+01 3.091177e-03
3.437500e+01 3.011013e-03
3.453125e+01 2.962017e-03
3.468750e+01 2.942902e-03
3.484375e+01 2.908063e-03
3.500000e+01 2.879924e-03
3.515625e+01 2.852307e-03
3.531250e+01 2.794947e-03
3.546875e+01 2.725727e-03
3.562500e+01 2.665079e-03
3.578125e+01 2.611639e-03
3.593750e+01 2.565047e-03
3.609375e+01 2.482622e-03
3.625000e+01 2.393825e-03
3.640625e+01 2.336488e-03
3.656250e+01 2.306716e-03
3.671875e+01 2.283817e-03
3.687500e+01 2.224660e-03
3.703125e+01 2.008915e-03
3.718750e+01 1.953341e-03
3.734375e+01 1.919846e-03
3.750000e+01 1.866519e-03
3.765625e+01 1.801077e-03
3.781250e+01 1.776341e-03
3.796875e+01 1.749482e-03
3.812500e+01 1.704664e-03
3.828125e+01 1.691810e-03
3.843750e+01 1.682107e-03
3.859375e+01 1.667722e-03
3.875000e+01 1.652257e-03
3.890625e+01 1.624862e-03
3.906250e+01 1.609767e-03
3.921875e+01 1.595876e-03
3.937500e+01 1.578477e-03
3.953125e+01 1.551680e-03
3.968750e+01 1.534388e-03
3.984375e+01 1.511467e-03
4.000000e+01 1.488120e-03
4.015625e+01 1.465144e-03
4.031250e+01 1.441312e-03
4.046875e+01 1.410917e-03
4.062500e+01 1.367262e-03
4.078125e+01 1.284970e-03
4.093750e+01 1.214980e-03
4.109375e+01 1.137685e-03
4.125000e+01 1.061916e-03
4.140625e+01 1.017354e-03
4.156250e+01 9.860673e-04
4.171875e+01 9.235853e-04
4.187500e+01 8.753876e-04
4.203125e+01 8.419971e-04
4.218750e+01 8.199703e-04
4.234375e+01 8.051769e-04
4.250000e+01 7.910843e-04
4.265625e+01 7.780298e-04
4.281250e+01 7.392988e-04
4.296875e+01 7.000677e-04
4.312500e+01 6.864605e-04
4.328125e+01 6.714129e-04
4.343750e+01 6.606824e-04
4.359375e+01 6.513762e-04
4.375000e+01 6.348801e-04
4.390625e+01 6.134697e-04
4.406250e+01 6.019425e-04
4.421875e+01 4.613334e-04
4.437500e+01 4.414770e-04
4.453125e+01 4.203831e-04
4.468750e+01 3.594791e-04
4.484375e+01 3.495698e-04
4.500000e+01 3.409191e-04
4.515625e+01 3.308937e-04
4.531250e+01 3.209632e-04
4.546875e+01 3.081365e-04
4.562500e+01 2.940573e-04
4.578125e+01 2.719825e-04
4.593750e+01 2.592438e-04
4.609375e+01 2.507629e-04
4.625000e+01 2.380724e-04
4.640625e+01 2.252035e-04
4.656250e+01 1.925935e-04
4.671875e+01 1.610002e-04
4.687500e+01 1.445405e-04
4.703125e+01 1.196518e-04
4.718750e+01 1.051040e-04
4.734375e+01 9.702032e-05
4.750000e+01 8.269896e-05
4.765625e+01 6.374973e-05
4.781250e+01 5.981514e-05
4.796875e+01 5.741570e-05
4.812500e+01 5.626906e-05
4.828125e+01 5.483493e-05
4.843750e+01 5.273845e-05
4.859375e+01 5.050397e-05
4.875000e+01 4.957133e-05
4.890625e+01 4.885036e-05
4.906250e+01 4.791416e-05
4.921875e+01 1.921104e-05
4.937500e+01 1.300018e-05
4.953125e+01 1.293764e-05
4.968750e+01 1.292527e-05
4.984375e+01 1.282625e-05
5.000000e+01 1.280367e-05
5.015625e+01 1.279064e-05
5.031250e+01 1.276216e-05
5.046875e+01 1.273218e-05
5.062500e+01 1.267334e-05
5.078125e+01 1.255857e-05
5.093750e+01 1.235601e-05
5.109375e+01 1.215612e-05
5.125000e+01 1.195007e-05
5.140625e+01 1.132766e-05
5.156250e+01 7.141948e-06
5.171875e+01 3.054259e-06
5.187500e+01 2.432806e-06
5.203125e+01 1.996699e-06
5.218750e+01 1.672775e-06
5.234375e+01 1.657045e-06
5.250000e+01 1.643545e-06
5.265625e+01 1.635402e-06
5.281250e+01 1.631088e-06
5.296875e+01 1.620166e-06
5.312500e+01 1.608029e-06
5.328125e+01 1.600707e-06
5.343750e+01 1.574103e-06
5.359375e+01 1.567405e-06
5.375000e+01 1.563021e-06
5.390625e+01 1.556479e-06
5.406250e+01 1.555055e-06
5.421875e+01 1.552940e-06
5.437500e+01 1.542302e-06
5.453125e+01 1.529443e-06
5.468750e+01 1.518507e-06
5.484375e+01 1.514450e-06
5.500000e+01 1.510280e-06
5.515625e+01 1.495164e-06
5.531250e+01 1.442422e-06
5.546875e+01 1.405313e-06
5.562500e+01 1.388463e-06
5.578125e+01 1.363282e-06
5.593750e+01 1.334368e-06
5.609375e+01 1.243898e-06
5.625000e+01 9.058541e-07
5.640625e+01 7.776184e-07
5.656250e+01 7.235212e-07
5.671875e+01 7.146365e-07
5.687500e+01 7.071566e-07
5.703125e+01 7.053302e-07
5.718750e+01 7.045643e-07
5.734375e+01 7.029474e-07
5.750000e+01 6.947844e-07
5.765625e+01 6.926305e-07
5.781250e+01 6.868270e-07
5.796875e+01 6.846010e-07
5.812500e+01 6.833835e-07
5.828125e+01 6.790366e-07
5.843750e+01 6.735401e-07
5.859375e+01 6.663687e-07
5.875000e+01 6.622064e-07
5.890625e+01 6.447667e-07
5.906250e+01 5.163653e-07
5.921875e+01 4.141360e-07
5.937500e+01 3.591974e-07
5.953125e+01 3.338938e-07
5.968750e+01 1.245278e-09
5.984375e+01 1.328233e-10
6.000000e+01 1.327900e-10
6.015625e+01 1.327118e-10
6.031250e+01 1.324872e-10
6.046875e+01 1.321639e-10
6.062500e+01 1.314984e-10
6.078125e+01 1.311634e-10
6.093750e+01 1.305095e-10
6.109375e+01 1.296572e-10
6.125000e+01 1.293751e-10
6.140625e+01 1.292296e-10
6.156250e+01 1.288811e-10
6.171875e+01 1.265249e-10
6.187500e+01 1.237830e-10
6.203125e+01 1.231037e-10
6.218750e+01 1.224673e-10
6.234375e+01 1.213147e-10
6.250000e+01 1.193647e-10
6.265625e+01 1.126079e-10
6.281250e+01 1.016121e-10
6.296875e+01 8.849954e-11
6.312500e+01 8.267932e-11
6.328125e+01 8.052133e-11
6.343750e+01 7.797075e-11
6.359375e+01 7.710801e-11
6.375000e+01 7.679837e-11
6.390625e+01 7.648112e-11
6.406250e+01 7.623775e-11
6.421875e+01 7.586841e-11
6.437500e+01 7.508944e-11
6.453125e+01 7.489175e-11
6.468750e+01 7.476731e-11
6.484375e+01 7.459117e-11
6.500000e+01 7.448442e-11
6.515625e+01 7.405938e-11
6.531250e+01 7.340578e-11
6.546875e+01 7.330046e-11
6.562500e+01 7.297792e-11
6.578125e+01 7.183169e-11
6.593750e+01 6.987770e-11
6.609375e+01 6.591479e-11
6.625000e+01 5.933670e-11
6.640625e+01 5.055413e-11
6.656250e+01 4.795947e-11
6.671875e+01 4.610401e-11
6.687500e+01 4.506200e-11
6.703125e+01 4.487504e-11
6.718750e+01 4.433652e-11
6.734375e+01 4.366837e-11
6.750000e+01 4.326764e-11
6.765625e+01 4.308154e-11
6.781250e+01 4.302140e-11
6.796875e+01 4.299813e-11
6.812500e+01 4.298585e-11
6.828125e+01 4.297799e-11
6.843750e+01 4.296126e-11
6.859375e+01 4.284655e-11
6.875000e+01 4.275028e-11
6.890625e+01 4.273684e-11
6.906250e+01 4.271724e-11
6.921875e+01 4.267705e-11
6.937500e+01 4.265186e-11
6.953125e+01 4.263280e-11
6.968750e+01 4.261183e-11
6.984375e+01 4.259967e-11
7.000000e+01 4.258023e-11
7.015625e+01 4.255352e-11
7.031250e+01 4.253883e-11
7.046875e+01 4.252629e-11
7.062500e+01 4.250009e-11
7.078125e+01 4.248733e-11
7.093750e+01 4.248111e-11
7.109375e+01 4.247766e-11
7.125000e+01 4.247210e-11
7.140625e+01 4.245890e-11
7.156250e+01 4.244704e-11
7.171875e+01 4.240942e-11
7.187500e+01 4.236320e-11
7.203125e+01 4.235408e-11
7.218750e+01 4.234971e-11
7.234375e+01 4.234006e-11
7.250000e+01 4.233292e-11
7.265625e+01 4.231426e-11
7.281250e+01 4.231070e-11
7.296875e+01 4.230774e-11
7.312500e+01 4.229942e-11
7.328125e+01 4.229134e-11
7.343750e+01 4.228816e-11
7.359375e+01 4.228633e-11
7.375000e+01 4.228501e-11
7.390625e+01 4.228037e-11
7.406250e+01 4.227767e-11
7.421875e+01 4.225933e-11
7.437500e+01 4.225075e-11
7.453125e+01 4.221008e-11
7.468750e+01 4.219812e-11
7.484375e+01 4.219256e-11
7.500000e+01 4.218360e-11
7.515625e+01 4.218285e-11
7.531250e+01 4.218130e-11
7.546875e+01 4.217764e-11
7.562500e+01 4.217412e-11
7.578125e+01 4.216978e-11
7.593750e+01 4.216084e-11
7.609375e+01 4.215043e-11
7.625000e+01 4.214196e-11
7.640625e+01 4.212972e-11
7.656250e+01 4.212300e-11
7.671875e+01 4.211857e-11
7.687500e+01 4.211555e-11
7.703125e+01 4.210650e-11
7.718750e+01 4.209977e-11
7.734375e+01 4.209560e-11
7.750000e+01 4.209043e-11
7.765625e+01 4.208184e-11
7.781250e+01 4.207111e-11
7.796875e+01 4.206071e-11
7.812500e+01 4.193325e-11
7.828125e+01 4.188193e-11
7.843750e+01 4.187856e-11
7.859375e+01 4.187515e-11
7.875000e+01 4.187120e-11
7.890625e+01 4.186571e-11
7.906250e+01 4.185818e-11
7.921875e+01 4.184242e-11
7.937500e+01 4.181734e-11
7.953125e+01 4.180704e-11
7.968750e+01 4.176204e-11
7.984375e+01 4.173558e-11
